frame,nose_x,nose_y,nose_z,nose_visibility,left_eye_inner_x,left_eye_inner_y,left_eye_inner_z,left_eye_inner_visibility,left_eye_x,left_eye_y,left_eye_z,left_eye_visibility,left_eye_outer_x,left_eye_outer_y,left_eye_outer_z,left_eye_outer_visibility,right_eye_inner_x,right_eye_inner_y,right_eye_inner_z,right_eye_inner_visibility,right_eye_x,right_eye_y,right_eye_z,right_eye_visibility,right_eye_outer_x,right_eye_outer_y,right_eye_outer_z,right_eye_outer_visibility,left_ear_x,left_ear_y,left_ear_z,left_ear_visibility,right_ear_x,right_ear_y,right_ear_z,right_ear_visibility,mouth_left_x,mouth_left_y,mouth_left_z,mouth_left_visibility,mouth_right_x,mouth_right_y,mouth_right_z,mouth_right_visibility,left_shoulder_x,left_shoulder_y,left_shoulder_z,left_shoulder_visibility,right_shoulder_x,right_shoulder_y,right_shoulder_z,right_shoulder_visibility,left_elbow_x,left_elbow_y,left_elbow_z,left_elbow_visibility,right_elbow_x,right_elbow_y,right_elbow_z,right_elbow_visibility,left_wrist_x,left_wrist_y,left_wrist_z,left_wrist_visibility,right_wrist_x,right_wrist_y,right_wrist_z,right_wrist_visibility,left_pinky_x,left_pinky_y,left_pinky_z,left_pinky_visibility,right_pinky_x,right_pinky_y,right_pinky_z,right_pinky_visibility,left_index_x,left_index_y,left_index_z,left_index_visibility,right_index_x,right_index_y,right_index_z,right_index_visibility,left_thumb_x,left_thumb_y,left_thumb_z,left_thumb_visibility,right_thumb_x,right_thumb_y,right_thumb_z,right_thumb_visibility,left_hip_x,left_hip_y,left_hip_z,left_hip_visibility,right_hip_x,right_hip_y,right_hip_z,right_hip_visibility,left_knee_x,left_knee_y,left_knee_z,left_knee_visibility,right_knee_x,right_knee_y,right_knee_z,right_knee_visibility,left_ankle_x,left_ankle_y,left_ankle_z,left_ankle_visibility,right_ankle_x,right_ankle_y,right_ankle_z,right_ankle_visibility,left_heel_x,left_heel_y,left_heel_z,left_heel_visibility,right_heel_x,right_heel_y,right_heel_z,right_heel_visibility,left_foot_index_x,left_foot_index_y,left_foot_index_z,left_foot_index_visibility,right_foot_index_x,right_foot_index_y,right_foot_index_z,right_foot_index_visibility
0,0.4624916613101959,0.3041723966598511,-0.6605269312858582,0.9992377758026123,0.4679763913154602,0.2945293188095093,-0.6521502137184143,0.9989838004112244,0.47142553329467773,0.2940906882286072,-0.6522197723388672,0.9985801577568054,0.4748014509677887,0.2935444712638855,-0.6522901058197021,0.9989489912986755,0.45673948526382446,0.29446810483932495,-0.6543729305267334,0.9990885853767395,0.45390933752059937,0.29410287737846375,-0.6544872522354126,0.9989362359046936,0.450960248708725,0.29366061091423035,-0.6545093059539795,0.9991582632064819,0.4800869822502136,0.29359617829322815,-0.5205609798431396,0.9974344372749329,0.44557875394821167,0.2907070219516754,-0.5305774807929993,0.9984460473060608,0.4695676863193512,0.3126082420349121,-0.6035635471343994,0.9978322982788086,0.45602816343307495,0.31370288133621216,-0.6066151261329651,0.9976043105125427,0.5057151317596436,0.3336961269378662,-0.3580222725868225,0.9978616833686829,0.4149841368198395,0.33916592597961426,-0.38501274585723877,0.9988770484924316,0.49814000725746155,0.4178348481655121,-0.29318439960479736,0.2248978465795517,0.41722002625465393,0.41633492708206177,-0.3426986634731293,0.9418970942497253,0.49008050560951233,0.48572811484336853,-0.3675389289855957,0.291980504989624,0.4396868348121643,0.48395150899887085,-0.41552311182022095,0.8385794162750244,0.4943561553955078,0.5091413855552673,-0.39935728907585144,0.29510146379470825,0.44012361764907837,0.5062558650970459,-0.4509402811527252,0.7923440337181091,0.4871087074279785,0.508638322353363,-0.436990350484848,0.3006037473678589,0.4486197531223297,0.504033625125885,-0.48097532987594604,0.7846294641494751,0.4851246476173401,0.4990156292915344,-0.3830307126045227,0.3063428997993469,0.4492977261543274,0.4977782368659973,-0.42721372842788696,0.7378910779953003,0.4871276021003723,0.4670177102088928,0.00765978405252099,0.9996574521064758,0.43152719736099243,0.46953946352005005,-0.007646420504897833,0.999688982963562,0.5184052586555481,0.5779472589492798,-0.040169086307287216,0.7871682047843933,0.3995600640773773,0.590397834777832,-0.05644030123949051,0.9759947657585144,0.5381589531898499,0.6761946082115173,0.14723500609397888,0.9183070063591003,0.37536242604255676,0.6866462230682373,0.13148269057273865,0.9827355146408081,0.5322094559669495,0.6889388561248779,0.1574145257472992,0.8666420578956604,0.37818431854248047,0.6995922327041626,0.1413256973028183,0.9279971718788147,0.5545551776885986,0.7111891508102417,0.0038269893266260624,0.9164626598358154,0.35893717408180237,0.7187466621398926,-0.017106177285313606,0.971159815788269
1,0.4643316864967346,0.29293960332870483,-0.5890577435493469,0.9993024468421936,0.46895575523376465,0.2840551733970642,-0.5744731426239014,0.9990593791007996,0.47302570939064026,0.283893883228302,-0.574531614780426,0.9986886978149414,0.4767438769340515,0.2837968170642853,-0.5745916366577148,0.9990290999412537,0.4583800435066223,0.2850390374660492,-0.5793798565864563,0.9991558790206909,0.4551127851009369,0.2822608947753906,-0.5794934034347534,0.9990121722221375,0.45058631896972656,0.2823002338409424,-0.5795180201530457,0.99921715259552,0.4804602265357971,0.28803709149360657,-0.4379732608795166,0.9976047277450562,0.4456445276737213,0.29116594791412354,-0.46050912141799927,0.9985300898551941,0.47173649072647095,0.3032050132751465,-0.5329334735870361,0.9980206489562988,0.45887988805770874,0.3036900460720062,-0.5396307110786438,0.9978112578392029,0.5092983841896057,0.33916372060775757,-0.29256120324134827,0.9980643391609192,0.41749197244644165,0.34451329708099365,-0.34103137254714966,0.9989777207374573,0.4951143264770508,0.42416948080062866,-0.23353762924671173,0.2958012819290161,0.42506569623947144,0.41850072145462036,-0.31816521286964417,0.9430217742919922,0.48587727546691895,0.4922963082790375,-0.30835267901420593,0.35309910774230957,0.45434799790382385,0.48763710260391235,-0.39176273345947266,0.8474912047386169,0.4911252558231354,0.5147409439086914,-0.3403032720088959,0.35153064131736755,0.4532598853111267,0.5074021816253662,-0.4297201633453369,0.8024880290031433,0.4848119616508484,0.5146492719650269,-0.3756564259529114,0.3570914566516876,0.4628922939300537,0.5093122720718384,-0.4539639353752136,0.7959445118904114,0.48273974657058716,0.5055968165397644,-0.32355478405952454,0.3600320518016815,0.46276411414146423,0.499683678150177,-0.4014351963996887,0.7514030337333679,0.4880483150482178,0.47135552763938904,0.012588908895850182,0.999674379825592,0.4313000738620758,0.47172778844833374,-0.012495793402194977,0.9996970295906067,0.5201076865196228,0.5782649517059326,-0.0642201229929924,0.8075690269470215,0.4009452760219574,0.5921321511268616,-0.051843028515577316,0.9776058793067932,0.5364129543304443,0.6727368235588074,0.09916328638792038,0.9253487586975098,0.3737744688987732,0.6857544779777527,0.1269795149564743,0.9835238456726074,0.5309678316116333,0.6901840567588806,0.10721846669912338,0.8665021061897278,0.3763161599636078,0.6996563076972961,0.13624192774295807,0.9202255606651306,0.5510684847831726,0.7084052562713623,-0.04550844058394432,0.9229565858840942,0.3551740050315857,0.7172116637229919,-0.01678956113755703,0.9722723960876465
2,0.4642159342765808,0.2937682569026947,-0.6418775320053101,0.9993604421615601,0.4689496159553528,0.2846967577934265,-0.6289727687835693,0.9991251230239868,0.4731001853942871,0.2845340371131897,-0.6290410757064819,0.9987837672233582,0.47678834199905396,0.2843916416168213,-0.62909334897995,0.9990995526313782,0.45852285623550415,0.2855830490589142,-0.6330209374427795,0.9992138743400574,0.4552612900733948,0.28586915135383606,-0.6331431269645691,0.9990770816802979,0.4507361054420471,0.2861168086528778,-0.6331706643104553,0.9992679953575134,0.4813716411590576,0.2879599630832672,-0.49089592695236206,0.9977463483810425,0.44613179564476013,0.2911229133605957,-0.5094077587127686,0.9985979795455933,0.47135359048843384,0.30388617515563965,-0.5843546986579895,0.9981876611709595,0.45874014496803284,0.30408090353012085,-0.5898364186286926,0.9979953765869141,0.5099144577980042,0.33880752325057983,-0.33579015731811523,0.998246967792511,0.4169430136680603,0.34448155760765076,-0.37822049856185913,0.9990695714950562,0.4960171580314636,0.4246181547641754,-0.277435302734375,0.3607633411884308,0.4237458109855652,0.41918763518333435,-0.350007027387619,0.9440134763717651,0.4891175627708435,0.49383777379989624,-0.35412782430648804,0.40928661823272705,0.45416897535324097,0.4883175790309906,-0.42445001006126404,0.8554665446281433,0.4924383759498596,0.5166426301002502,-0.38835301995277405,0.4035300612449646,0.4527100920677185,0.5076311826705933,-0.4637692868709564,0.8113890290260315,0.48617419600486755,0.5168445110321045,-0.4245832860469818,0.4090900719165802,0.4622477889060974,0.5104612708091736,-0.48992982506752014,0.80594402551651,0.4837103486061096,0.5077114701271057,-0.36977434158325195,0.4094543159008026,0.4620361924171448,0.5009017586708069,-0.43498462438583374,0.7633263468742371,0.488518625497818,0.4684366285800934,0.012134124524891376,0.9996848702430725,0.4318893551826477,0.4687797427177429,-0.012060961686074734,0.9997028112411499,0.5202323794364929,0.5748217105865479,-0.037215813994407654,0.8257476091384888,0.40147075057029724,0.5911120772361755,-0.05919729545712471,0.9790250062942505,0.5372495055198669,0.6747577786445618,0.1431586891412735,0.9314995408058167,0.37260890007019043,0.6886270046234131,0.1275136023759842,0.9841930866241455,0.5321309566497803,0.6918534636497498,0.15252412855625153,0.8649555444717407,0.3756854832172394,0.7030952572822571,0.13728100061416626,0.9127423763275146,0.5515271425247192,0.7091891765594482,-2.683956699911505e-05,0.9284955859184265,0.35292086005210876,0.7191106081008911,-0.019153915345668793,0.9731708765029907
3,0.46381741762161255,0.29170387983322144,-0.5980198979377747,0.999416172504425,0.46889787912368774,0.28248852491378784,-0.58293217420578,0.9991940259933472,0.4730016589164734,0.2824161648750305,-0.5829861164093018,0.9988815188407898,0.47677841782569885,0.2823846936225891,-0.5830423831939697,0.9991718530654907,0.457735151052475,0.2799479365348816,-0.5868871212005615,0.999275267124176,0.4539908766746521,0.28015226125717163,-0.5869969725608826,0.9991474151611328,0.4494401514530182,0.2801820933818817,-0.587011992931366,0.9993225932121277,0.4807845950126648,0.28688105940818787,-0.4442468583583832,0.9979079365730286,0.4440973401069641,0.2899993658065796,-0.4621655344963074,0.9986832737922668,0.4716390073299408,0.3026704490184784,-0.5412586331367493,0.9983481168746948,0.4577121138572693,0.3029044270515442,-0.5466124415397644,0.998170793056488,0.5107054710388184,0.33803412318229675,-0.29895102977752686,0.9984140396118164,0.4167919158935547,0.3453565835952759,-0.3389720618724823,0.9991517066955566,0.4970400929450989,0.42362961173057556,-0.243038609623909,0.41945064067840576,0.4248267710208893,0.42003345489501953,-0.31797870993614197,0.9453084468841553,0.4885576367378235,0.4926494061946869,-0.3244416415691376,0.46053287386894226,0.4556431770324707,0.48896193504333496,-0.39932531118392944,0.8634761571884155,0.4913891851902008,0.5153446197509766,-0.358473539352417,0.4516136646270752,0.4609352946281433,0.5134714245796204,-0.4381021559238434,0.8207155466079712,0.4852101802825928,0.5149965286254883,-0.39398080110549927,0.4571094214916229,0.4636301100254059,0.5105746388435364,-0.4627390503883362,0.8161729574203491,0.4830087721347809,0.506036639213562,-0.33984631299972534,0.4554128348827362,0.467507928609848,0.5006124973297119,-0.4093503952026367,0.7754563689231873,0.48887649178504944,0.47246241569519043,0.009446279145777225,0.9997029900550842,0.4315139651298523,0.4734036326408386,-0.009340665303170681,0.9997114539146423,0.5205821990966797,0.5812338590621948,-0.08042838424444199,0.8424683213233948,0.40103617310523987,0.592536985874176,-0.03708876296877861,0.9803656339645386,0.5366476774215698,0.6800494194030762,0.08408965915441513,0.9374592900276184,0.3735350966453552,0.6857854723930359,0.15140186250209808,0.9848793148994446,0.5307043790817261,0.6928510069847107,0.09218951314687729,0.866725742816925,0.3762061893939972,0.6995609998703003,0.16159865260124207,0.9069530963897705,0.5507805347442627,0.7155696153640747,-0.06608714163303375,0.9341636896133423,0.3550805449485779,0.7170562744140625,0.007875549606978893,0.9742218852043152
4,0.46399980783462524,0.29705750942230225,-0.614475667476654,0.9994655251502991,0.4686613976955414,0.28541451692581177,-0.6005939245223999,0.9992544054985046,0.47258368134498596,0.2850874662399292,-0.6006554365158081,0.9989672899246216,0.4762233793735504,0.28463396430015564,-0.6007112264633179,0.9992351531982422,0.4585687220096588,0.28626158833503723,-0.6040422320365906,0.9993288516998291,0.45526212453842163,0.2864897847175598,-0.6041443347930908,0.9992085695266724,0.4507013261318207,0.28663450479507446,-0.6041527986526489,0.9993698596954346,0.4814394414424896,0.29027336835861206,-0.4618636965751648,0.9980489015579224,0.44578832387924194,0.29075512290000916,-0.47781509160995483,0.9987572431564331,0.4709553122520447,0.3062657117843628,-0.5570783019065857,0.998492419719696,0.45831093192100525,0.3036428689956665,-0.5618484616279602,0.9983289241790771,0.5092877149581909,0.3386174142360687,-0.3137262463569641,0.9985651969909668,0.41675442457199097,0.3478338122367859,-0.3480502963066101,0.9992275834083557,0.4993000626564026,0.42206472158432007,-0.2638746500015259,0.4731499254703522,0.4245075583457947,0.4223087430000305,-0.33117493987083435,0.9465497732162476,0.49065178632736206,0.49455079436302185,-0.3515188694000244,0.5078961849212646,0.45629554986953735,0.4911959171295166,-0.4235749840736389,0.8711358308792114,0.4929446578025818,0.5178027749061584,-0.3870033621788025,0.496245414018631,0.46181702613830566,0.5108184814453125,-0.4637207090854645,0.8296298980712891,0.48953479528427124,0.5183112025260925,-0.4226020872592926,0.5016704201698303,0.4696412980556488,0.5127652287483215,-0.4885733723640442,0.825931191444397,0.48494499921798706,0.5086655616760254,-0.3669919967651367,0.4981364607810974,0.46846991777420044,0.5029605031013489,-0.43389782309532166,0.78687983751297,0.48914986848831177,0.47129449248313904,0.00802714191377163,0.9997171759605408,0.4326487183570862,0.47169598937034607,-0.007929961197078228,0.9997162222862244,0.5212625861167908,0.5797332525253296,-0.0889439731836319,0.8576107621192932,0.4011997580528259,0.5914092659950256,-0.046501222997903824,0.9816220998764038,0.5373895764350891,0.6809399724006653,0.06968191266059875,0.9429743885993958,0.37362614274024963,0.6867128014564514,0.13925980031490326,0.985600471496582,0.5318689346313477,0.7007874250411987,0.0769168809056282,0.869397759437561,0.3773668110370636,0.7010393738746643,0.1489686518907547,0.9019989371299744,0.5530596971511841,0.7162142395973206,-0.08491694927215576,0.9394786953926086,0.35498523712158203,0.7164963483810425,-0.007766506634652615,0.9752999544143677
5,0.4636344313621521,0.2911685109138489,-0.6141545176506042,0.9995077848434448,0.4688832759857178,0.2834966778755188,-0.6003775596618652,0.9993033409118652,0.4723600745201111,0.283145010471344,-0.6004419326782227,0.9990373253822327,0.4769307076931,0.28270065784454346,-0.6005061864852905,0.9992868304252625,0.4582742154598236,0.2842715382575989,-0.6029117107391357,0.9993716478347778,0.4549536108970642,0.284429669380188,-0.6030167937278748,0.9992559552192688,0.450613409280777,0.2845343351364136,-0.6030308604240417,0.999406099319458,0.48097214102745056,0.2853713631629944,-0.46304693818092346,0.9981594681739807,0.44570866227149963,0.2886505126953125,-0.47489967942237854,0.9988057017326355,0.47096577286720276,0.30050843954086304,-0.5574897527694702,0.9986164569854736,0.457601398229599,0.3012956380844116,-0.5610935091972351,0.9984645247459412,0.5090489387512207,0.3369327783584595,-0.3154345154762268,0.9986978769302368,0.4177270531654358,0.3423736095428467,-0.3435671627521515,0.99929279088974,0.49900826811790466,0.4190971255302429,-0.2610187530517578,0.520440399646759,0.41877633333206177,0.4157121777534485,-0.3184106945991516,0.9466062784194946,0.49055352807044983,0.4929293990135193,-0.34136343002319336,0.5485804677009583,0.4539402425289154,0.4892815947532654,-0.402543842792511,0.876025378704071,0.4929125905036926,0.5152957439422607,-0.3753359317779541,0.5339864492416382,0.45316559076309204,0.5076931715011597,-0.44079962372779846,0.8350273966789246,0.4898417592048645,0.5161860585212708,-0.41141384840011597,0.5394495129585266,0.46270307898521423,0.510463297367096,-0.4666711390018463,0.8321586847305298,0.484957754611969,0.5065233111381531,-0.3567293882369995,0.5340582132339478,0.4621952176094055,0.5007504224777222,-0.4130876958370209,0.7942832708358765,0.4876485764980316,0.46967464685440063,0.006706397980451584,0.9997261762619019,0.4303432106971741,0.4701780378818512,-0.006628652103245258,0.999718964099884,0.5192912817001343,0.5727370381355286,-0.07873768359422684,0.8710376620292664,0.40034374594688416,0.5898863673210144,-0.05451471731066704,0.9826831817626953,0.5367733240127563,0.6728546619415283,0.09466508775949478,0.9476589560508728,0.37355804443359375,0.6853822469711304,0.1343110203742981,0.9861379861831665,0.5316154360771179,0.6897109746932983,0.1032274141907692,0.8694862723350525,0.3765004873275757,0.699912965297699,0.14415834844112396,0.8969999551773071,0.5499708652496338,0.7080891132354736,-0.05499403923749924,0.9437598586082458,0.35554444789886475,0.7161130905151367,-0.012916585430502892,0.9760118722915649
6,0.46378812193870544,0.29815512895584106,-0.6090638637542725,0.9995447397232056,0.46882638335227966,0.28989413380622864,-0.596052885055542,0.9993448257446289,0.4728183150291443,0.28978049755096436,-0.5961093306541443,0.9990987777709961,0.4763947129249573,0.2895382344722748,-0.596165657043457,0.9993315935134888,0.45848560333251953,0.2904043197631836,-0.5996484756469727,0.9994076490402222,0.45514097809791565,0.2906109690666199,-0.5997704863548279,0.9992961883544922,0.45061802864074707,0.29078972339630127,-0.5997908711433411,0.9994364976882935,0.4799971580505371,0.291613906621933,-0.46073517203330994,0.9982541799545288,0.4457297921180725,0.2949422597885132,-0.47746172547340393,0.9988461136817932,0.4705955386161804,0.3073982298374176,-0.5528039932250977,0.9987269043922424,0.4579640328884125,0.3077627420425415,-0.5577787160873413,0.9985847473144531,0.5084279775619507,0.3383374512195587,-0.31297704577445984,0.9988200664520264,0.41737812757492065,0.34538260102272034,-0.3477274179458618,0.9993542432785034,0.497840017080307,0.4234474301338196,-0.2558079659938812,0.5630944967269897,0.42427152395248413,0.417907178401947,-0.32436302304267883,0.9467754364013672,0.4945705831050873,0.49701637029647827,-0.3324161767959595,0.5849877595901489,0.45377087593078613,0.48728424310684204,-0.404640257358551,0.8806193470954895,0.49149733781814575,0.5133264660835266,-0.36526253819465637,0.5675911903381348,0.45210474729537964,0.50562983751297,-0.4431983530521393,0.8402039408683777,0.4875639081001282,0.5141984820365906,-0.4009658396244049,0.5730778574943542,0.4610590934753418,0.5083242654800415,-0.4682535231113434,0.838085412979126,0.48290759325027466,0.5053449869155884,-0.34764498472213745,0.5660261511802673,0.4610133767127991,0.49898943305015564,-0.41489148139953613,0.8013659119606018,0.48805147409439087,0.4692237973213196,0.007152178790420294,0.999737024307251,0.4324267506599426,0.46873563528060913,-0.007093897555023432,0.9997256398200989,0.5188761353492737,0.5788111090660095,-0.052932292222976685,0.8830467462539673,0.4022442400455475,0.5886112451553345,-0.04197999835014343,0.9834956526756287,0.5389390587806702,0.6712266206741333,0.1095355972647667,0.951766848564148,0.3757636547088623,0.6823641657829285,0.1401710957288742,0.9864410161972046,0.5367276668548584,0.6886543035507202,0.11730369180440903,0.868635356426239,0.37682363390922546,0.6959230899810791,0.1497185230255127,0.8919875025749207,0.5495049953460693,0.706534743309021,-0.037203673273324966,0.9474684596061707,0.35668259859085083,0.715424656867981,-0.002078473335132003,0.9764118194580078
7,0.4619138836860657,0.2956355810165405,-0.587422251701355,0.9995775818824768,0.46638527512550354,0.2868820130825043,-0.5733680725097656,0.9993823170661926,0.46977096796035767,0.28644657135009766,-0.5734226107597351,0.9991536140441895,0.4738316535949707,0.28615784645080566,-0.5734773874282837,0.9993718266487122,0.45620909333229065,0.2882460653781891,-0.5770933628082275,0.9994412660598755,0.45301705598831177,0.28550684452056885,-0.5771986842155457,0.9993346929550171,0.44879263639450073,0.2856772541999817,-0.5772176384925842,0.9994658827781677,0.4776380658149719,0.2893942594528198,-0.43891772627830505,0.9983388781547546,0.4435368478298187,0.2938430905342102,-0.4556511342525482,0.9988877177238464,0.46926361322402954,0.30523908138275146,-0.5320279002189636,0.99882572889328,0.4565189480781555,0.30585771799087524,-0.5370276570320129,0.9986926317214966,0.5083377361297607,0.3373635411262512,-0.29381629824638367,0.9989281892776489,0.41672125458717346,0.34673210978507996,-0.3344230055809021,0.9994073510169983,0.4958495497703552,0.4230664372444153,-0.23525682091712952,0.6011708378791809,0.4268202781677246,0.4210382103919983,-0.311569482088089,0.9475559592247009,0.4897584915161133,0.49130287766456604,-0.31267592310905457,0.6180097460746765,0.45497003197669983,0.48921775817871094,-0.39292818307876587,0.8858054280281067,0.49235591292381287,0.5138332843780518,-0.3450799584388733,0.5983389019966125,0.45427459478378296,0.5120289325714111,-0.43143191933631897,0.8462951183319092,0.48908066749572754,0.5144632458686829,-0.38167670369148254,0.603887677192688,0.46361011266708374,0.5102676153182983,-0.4566570222377777,0.8448076844215393,0.48462003469467163,0.504987359046936,-0.3283836245536804,0.5955551862716675,0.4631924033164978,0.5006475448608398,-0.4032150208950043,0.8094298839569092,0.4882299304008484,0.4685390889644623,0.009692656807601452,0.9997453093528748,0.4330841898918152,0.46866267919540405,-0.00960575882345438,0.9997263550758362,0.5198532342910767,0.5764360427856445,-0.06904833763837814,0.8938602805137634,0.40204715728759766,0.5888118743896484,-0.04047701507806778,0.9842526316642761,0.5356548428535461,0.6751580238342285,0.08844555169343948,0.9554564952850342,0.37540116906166077,0.6824544072151184,0.13543617725372314,0.9867011904716492,0.5304054021835327,0.6874459385871887,0.09593390673398972,0.868023157119751,0.3776126801967621,0.6923585534095764,0.14448074996471405,0.8860924243927002,0.5483434796333313,0.7115676403045654,-0.05746235325932503,0.9508358836174011,0.3592081069946289,0.7136560678482056,-0.005996875464916229,0.9767562747001648
8,0.4619728624820709,0.29801350831985474,-0.6183826327323914,0.999611496925354,0.4662301540374756,0.289938747882843,-0.6049306988716125,0.9994252324104309,0.4699915051460266,0.2896760404109955,-0.6049886345863342,0.9992143511772156,0.47366079688072205,0.289426326751709,-0.605038583278656,0.9994169473648071,0.45644959807395935,0.29100626707077026,-0.6076584458351135,0.9994800090789795,0.4533051550388336,0.2913750410079956,-0.6077720522880554,0.999379575252533,0.44940894842147827,0.2917042374610901,-0.6077923774719238,0.9995012283325195,0.47782763838768005,0.2922477722167969,-0.4689614176750183,0.9984419345855713,0.444660484790802,0.2959827184677124,-0.4814339578151703,0.9989464282989502,0.46956056356430054,0.3075008988380432,-0.5622184872627258,0.9989221692085266,0.45708808302879333,0.3079289495944977,-0.5659770965576172,0.998798668384552,0.5089752674102783,0.3390690088272095,-0.3228740096092224,0.9990277886390686,0.4167267382144928,0.347626268863678,-0.3509877920150757,0.9994582533836365,0.4987860321998596,0.4238702654838562,-0.26945918798446655,0.6368317604064941,0.4261731505393982,0.4216446876525879,-0.3290783762931824,0.9484384059906006,0.4902147352695465,0.4923592209815979,-0.3457280397415161,0.6494577527046204,0.4546876549720764,0.4922316074371338,-0.4129999279975891,0.8908700942993164,0.4923335015773773,0.5148102641105652,-0.3793529272079468,0.6279683709144592,0.4542914927005768,0.5123845338821411,-0.45166006684303284,0.8521300554275513,0.48639172315597534,0.5147364735603333,-0.4140182435512543,0.6334012746810913,0.4631434381008148,0.5100969672203064,-0.47632861137390137,0.8511824011802673,0.4843372404575348,0.5054052472114563,-0.36056408286094666,0.6239227056503296,0.46254056692123413,0.5050281286239624,-0.42317995429039,0.8170376420021057,0.4877857267856598,0.4718236029148102,0.0069124288856983185,0.9997568130493164,0.431449830532074,0.4699482023715973,-0.006823106203228235,0.999734103679657,0.5202432870864868,0.5784411430358887,-0.06398297101259232,0.9037062525749207,0.40171998739242554,0.5891467928886414,-0.04292893037199974,0.9850468635559082,0.5365030765533447,0.6760543584823608,0.09989317506551743,0.958878219127655,0.3733820915222168,0.6833444237709045,0.13691942393779755,0.9870822429656982,0.531070351600647,0.688116729259491,0.10799386352300644,0.8678701519966125,0.37389642000198364,0.6937485337257385,0.14636410772800446,0.8817801475524902,0.5500734448432922,0.7112735509872437,-0.046187255531549454,0.9540396928787231,0.35562965273857117,0.7150107622146606,-0.005901213735342026,0.9773231148719788
9,0.46255478262901306,0.2989352345466614,-0.6290819048881531,0.9996401071548462,0.4678995609283447,0.2905220091342926,-0.6164481043815613,0.9994596242904663,0.47137436270713806,0.29028794169425964,-0.6165171265602112,0.9992638230323792,0.4757620692253113,0.2902190089225769,-0.6165839433670044,0.9994533061981201,0.4575912356376648,0.291189968585968,-0.6190906167030334,0.9995100498199463,0.45440706610679626,0.2914174199104309,-0.6192111968994141,0.999413013458252,0.4503702223300934,0.2915323078632355,-0.619228184223175,0.999526858329773,0.4790923595428467,0.2922496199607849,-0.4809111952781677,0.9985255002975464,0.44583383202552795,0.29527783393859863,-0.49339574575424194,0.998984694480896,0.4709598422050476,0.30834293365478516,-0.5726182460784912,0.9990063309669495,0.45828908681869507,0.3093164563179016,-0.5764108896255493,0.9988897442817688,0.5090631246566772,0.3397245407104492,-0.33325380086898804,0.9991162419319153,0.41766923666000366,0.3464720845222473,-0.3575479984283447,0.9995010495185852,0.4992755949497223,0.4244306981563568,-0.2758728563785553,0.6681132316589355,0.42041653394699097,0.4187653064727783,-0.3308545649051666,0.9476972222328186,0.49344053864479065,0.4993170201778412,-0.34770455956459045,0.6757343411445618,0.45250287652015686,0.48903337121009827,-0.4072900712490082,0.8929792642593384,0.49173539876937866,0.5145074725151062,-0.3805483281612396,0.6520770788192749,0.45119112730026245,0.5122504830360413,-0.44453614950180054,0.8543851375579834,0.48470252752304077,0.5149936676025391,-0.4150143563747406,0.6574724912643433,0.45990103483200073,0.509712815284729,-0.4698997437953949,0.8539899587631226,0.48241811990737915,0.50604248046875,-0.3621647357940674,0.6466811299324036,0.45983582735061646,0.50002521276474,-0.4174884855747223,0.8204630613327026,0.4876338839530945,0.46893176436424255,0.003999007865786552,0.9997619986534119,0.42966756224632263,0.4685822129249573,-0.003925919067114592,0.9997336864471436,0.5197359323501587,0.5782306790351868,-0.07252317667007446,0.9125458598136902,0.40227994322776794,0.588497519493103,-0.040337417274713516,0.9856573343276978,0.5386557579040527,0.6709025502204895,0.09400535374879837,0.9619707465171814,0.3776776194572449,0.6817350387573242,0.15203946828842163,0.9873300790786743,0.5358791351318359,0.6888405084609985,0.10222877562046051,0.8677148818969727,0.3790929913520813,0.6953398585319519,0.16268309950828552,0.8782795071601868,0.5506969690322876,0.710992693901062,-0.05604938417673111,0.9568390846252441,0.3570654094219208,0.7170970439910889,0.009571383707225323,0.9776099920272827
10,0.46393346786499023,0.2968739867210388,-0.6125580072402954,0.99966961145401,0.4682987332344055,0.2888091206550598,-0.6003192067146301,0.9994979500770569,0.4721899628639221,0.288888156414032,-0.6003899574279785,0.9993193745613098,0.47586601972579956,0.2889285981655121,-0.6004458069801331,0.9994935393333435,0.4580867290496826,0.2892600893974304,-0.6028582453727722,0.9995439052581787,0.45471614599227905,0.2895520329475403,-0.6029783487319946,0.9994536638259888,0.45053020119667053,0.2898443937301636,-0.6029941439628601,0.9995579719543457,0.48018401861190796,0.2917441129684448,-0.46717315912246704,0.9986281991004944,0.4453595280647278,0.2946779727935791,-0.47919130325317383,0.9990439414978027,0.4711814522743225,0.3069431185722351,-0.5571320056915283,0.99908846616745,0.4586142897605896,0.3067961633205414,-0.5607196688652039,0.9989795684814453,0.5088504552841187,0.3402571678161621,-0.3255474269390106,0.9991989731788635,0.4173406958580017,0.3467631936073303,-0.3463621139526367,0.9995436668395996,0.499401330947876,0.4238089919090271,-0.27586629986763,0.6978603005409241,0.425803005695343,0.41985923051834106,-0.32897302508354187,0.9479859471321106,0.4887252449989319,0.49287134408950806,-0.349348247051239,0.701917290687561,0.4527376592159271,0.4869433343410492,-0.41440168023109436,0.8968386054039001,0.4905909597873688,0.514334499835968,-0.38199883699417114,0.6766012907028198,0.45148810744285583,0.5058135986328125,-0.4534054696559906,0.8587735891342163,0.48379841446876526,0.5143148303031921,-0.414607435464859,0.681807279586792,0.4601213037967682,0.5080265402793884,-0.47689133882522583,0.8588696122169495,0.48184913396835327,0.5056265592575073,-0.36311399936676025,0.6699832677841187,0.46008309721946716,0.49860328435897827,-0.42441684007644653,0.826240599155426,0.48796433210372925,0.471790611743927,0.0037613678723573685,0.9997714161872864,0.4316782057285309,0.4712372422218323,-0.0036996707785874605,0.9997414350509644,0.5204209089279175,0.5803394913673401,-0.03178875148296356,0.9205981492996216,0.40165895223617554,0.5906476378440857,-0.03846946731209755,0.9863839745521545,0.5396456122398376,0.6775977611541748,0.12816476821899414,0.9647775292396545,0.37461748719215393,0.6841636896133423,0.13703244924545288,0.9877005815505981,0.5360472798347473,0.6902344226837158,0.136127308011055,0.8668645620346069,0.37771672010421753,0.6973861455917358,0.14646294713020325,0.8756041526794434,0.552836537361145,0.711219310760498,-0.014860374853014946,0.9594188332557678,0.3570706248283386,0.7176551222801208,-0.0024302122183144093,0.9781233072280884
11,0.46235284209251404,0.2973976731300354,-0.6202828884124756,0.9996941685676575,0.4678674638271332,0.2885577082633972,-0.6070030927658081,0.9995287656784058,0.4715968072414398,0.2884588837623596,-0.607066810131073,0.9993628859519958,0.4758227467536926,0.28853487968444824,-0.6071254014968872,0.9995256662368774,0.4568038880825043,0.28938114643096924,-0.608855128288269,0.9995715022087097,0.45317286252975464,0.2897646129131317,-0.6089563369750977,0.9994852542877197,0.4490784704685211,0.290163516998291,-0.6089697480201721,0.9995824098587036,0.4802711606025696,0.29173821210861206,-0.4717220366001129,0.9987038969993591,0.44388484954833984,0.29542076587677,-0.4802852272987366,0.9990840554237366,0.47097474336624146,0.30829519033432007,-0.5643491744995117,0.9991587996482849,0.4572896957397461,0.30821046233177185,-0.5670129656791687,0.9990562796592712,0.5100651979446411,0.3397688567638397,-0.3280801773071289,0.9992702603340149,0.41635721921920776,0.3480396866798401,-0.34784382581710815,0.9995779395103455,0.5008848905563354,0.42598700523376465,-0.2768271565437317,0.724216878414154,0.42052966356277466,0.4233459532260895,-0.32426416873931885,0.948369562625885,0.49393290281295776,0.4990735650062561,-0.35077759623527527,0.7250257134437561,0.4523743987083435,0.4904937148094177,-0.40402093529701233,0.8998167514801025,0.49143728613853455,0.5165983438491821,-0.38464152812957764,0.6983581781387329,0.4513756334781647,0.5147858262062073,-0.4411711096763611,0.8620916604995728,0.4851613938808441,0.5168017745018005,-0.4181414246559143,0.7034677267074585,0.46010929346084595,0.5120746493339539,-0.46655139327049255,0.8626300692558289,0.48287883400917053,0.5078458786010742,-0.36504390835762024,0.6909260153770447,0.4599605202674866,0.5017841458320618,-0.41447144746780396,0.8309062123298645,0.487549364566803,0.47232550382614136,0.004296503495424986,0.9997773766517639,0.42986050248146057,0.4712349772453308,-0.004203616641461849,0.9997414946556091,0.519907534122467,0.5781475901603699,-0.08555325865745544,0.9277682900428772,0.40153008699417114,0.5917097330093384,-0.042694464325904846,0.9868994951248169,0.5383040904998779,0.6719636917114258,0.07421386241912842,0.9673161506652832,0.3737044930458069,0.6854715347290039,0.1393061727285385,0.9879363775253296,0.5355654358863831,0.6898373961448669,0.08191804587841034,0.8668199181556702,0.37641623616218567,0.698789656162262,0.1490134447813034,0.871604859828949,0.5518885850906372,0.7120094299316406,-0.07539809495210648,0.9617781043052673,0.35559478402137756,0.7178770303726196,-0.003944047261029482,0.9784202575683594
12,0.45951730012893677,0.30545347929000854,-0.6084802746772766,0.9997167587280273,0.46374064683914185,0.2969519793987274,-0.5981636643409729,0.9995546340942383,0.46792539954185486,0.29640233516693115,-0.5982061624526978,0.9994013905525208,0.4716171324253082,0.2957579493522644,-0.5982376933097839,0.9995532631874084,0.45370739698410034,0.2978554666042328,-0.5981736183166504,0.9995939135551453,0.4507964253425598,0.29785090684890747,-0.5982803106307983,0.9995114207267761,0.4479137063026428,0.29765990376472473,-0.5982970595359802,0.9996023774147034,0.47665318846702576,0.296400785446167,-0.47165799140930176,0.9987624883651733,0.4436488747596741,0.2999309301376343,-0.47128933668136597,0.9991134405136108,0.46782106161117554,0.31541740894317627,-0.5552883744239807,0.9992193579673767,0.454158216714859,0.31590861082077026,-0.5552761554718018,0.9991220831871033,0.5092816352844238,0.3377076983451843,-0.32999441027641296,0.9993357062339783,0.41905489563941956,0.3467603623867035,-0.33781540393829346,0.9996117949485779,0.49881500005722046,0.41851967573165894,-0.2822342813014984,0.7480043768882751,0.4225144386291504,0.4196287989616394,-0.31555256247520447,0.9488449692726135,0.48886221647262573,0.4872027039527893,-0.3488995134830475,0.7455963492393494,0.4549555778503418,0.48759952187538147,-0.39977312088012695,0.9027369618415833,0.4901861548423767,0.508058488368988,-0.3806270360946655,0.717397928237915,0.4608158469200134,0.5107439756393433,-0.43762168288230896,0.8649964928627014,0.48662686347961426,0.5082291960716248,-0.4148560166358948,0.7223708629608154,0.4682035446166992,0.5087752342224121,-0.4610427916049957,0.8658928871154785,0.4827752113342285,0.49863213300704956,-0.36298033595085144,0.7087788581848145,0.46743661165237427,0.49889135360717773,-0.40981215238571167,0.8348163962364197,0.4899936318397522,0.47048822045326233,0.0016253956127911806,0.9997801780700684,0.43366748094558716,0.47084173560142517,-0.0015617646276950836,0.9997451901435852,0.5213956236839294,0.580122172832489,-0.05039452761411667,0.9343336820602417,0.4029298722743988,0.5884596705436707,-0.05937325209379196,0.987579345703125,0.5408216714859009,0.6798937320709229,0.09706897288560867,0.9698009490966797,0.37565940618515015,0.6841554045677185,0.10138275474309921,0.9884456396102905,0.5378159880638123,0.6917387843132019,0.10308010876178741,0.8684511184692383,0.3786577582359314,0.7002061605453491,0.10870692878961563,0.8719677925109863,0.5524747967720032,0.7135100364685059,-0.05247450992465019,0.9641831517219543,0.35480859875679016,0.7163640260696411,-0.044968727976083755,0.9791969060897827
13,0.45927804708480835,0.308266282081604,-0.5944520831108093,0.9997327327728271,0.4647247791290283,0.29899126291275024,-0.5841030478477478,0.9995675683021545,0.4685142934322357,0.29851239919662476,-0.584144651889801,0.9994269013404846,0.47225093841552734,0.2979810833930969,-0.5841949582099915,0.9995682835578918,0.4538901746273041,0.2996610999107361,-0.5832014679908752,0.9996044039726257,0.4502602219581604,0.29954010248184204,-0.583318293094635,0.9995266795158386,0.44699627161026,0.29924851655960083,-0.5833477973937988,0.9996102452278137,0.47684937715530396,0.29834097623825073,-0.45806044340133667,0.9987940788269043,0.44289344549179077,0.3008895516395569,-0.45382100343704224,0.9991188645362854,0.46735721826553345,0.31855177879333496,-0.5414372086524963,0.9992582201957703,0.4539186954498291,0.3184130787849426,-0.5403263568878174,0.9991617202758789,0.5093482732772827,0.33974164724349976,-0.3210616409778595,0.9993916153907776,0.4183301031589508,0.3477865755558014,-0.3201102614402771,0.9996384978294373,0.500113308429718,0.41895055770874023,-0.27369093894958496,0.7683183550834656,0.428168386220932,0.42063942551612854,-0.2981104850769043,0.946122407913208,0.4911960959434509,0.48569002747535706,-0.33921316266059875,0.7614640593528748,0.4580551087856293,0.48897045850753784,-0.3857963979244232,0.8995243906974792,0.4922714829444885,0.5072693824768066,-0.3697001039981842,0.7310779690742493,0.4647531509399414,0.5108213424682617,-0.4217827320098877,0.8604826927185059,0.4871286451816559,0.5068141222000122,-0.40196067094802856,0.7358889579772949,0.47159242630004883,0.508612871170044,-0.44432955980300903,0.8618158102035522,0.4855685830116272,0.4966870844364166,-0.35214942693710327,0.7204833626747131,0.47063881158828735,0.49857816100120544,-0.3953631520271301,0.8298084139823914,0.4900049567222595,0.47588807344436646,0.00012201785284560174,0.9997793436050415,0.4341554045677185,0.4751562178134918,-8.322209032485262e-05,0.9997407793998718,0.5227619409561157,0.5846400856971741,-0.042531099170446396,0.9402084350585938,0.39961615204811096,0.5924756526947021,-0.04102160781621933,0.9881138205528259,0.5413914918899536,0.6794341206550598,0.10929671674966812,0.9719378352165222,0.37428516149520874,0.6857541799545288,0.11865140497684479,0.9887574315071106,0.5359234809875488,0.6955921649932861,0.11637219041585922,0.8698578476905823,0.37674814462661743,0.7005128860473633,0.1265391856431961,0.871349573135376,0.5518693923950195,0.7122000455856323,-0.03510776534676552,0.9661499857902527,0.35710445046424866,0.7173129916191101,-0.02319587580859661,0.9796175956726074
14,0.45693010091781616,0.3157946467399597,-0.6145438551902771,0.9997479319572449,0.46085819602012634,0.3047570288181305,-0.6055728197097778,0.9995838403701782,0.46486273407936096,0.3040759265422821,-0.605610728263855,0.9994500875473022,0.4685348868370056,0.30317842960357666,-0.6056658625602722,0.9995859265327454,0.451206773519516,0.3050522804260254,-0.6043532490730286,0.9996177554130554,0.44836515188217163,0.3046613335609436,-0.6044438481330872,0.9995396733283997,0.4450434148311615,0.3041099011898041,-0.6044450402259827,0.9996199011802673,0.47419604659080505,0.3016395568847656,-0.4802716374397278,0.9988284707069397,0.4420256018638611,0.30492979288101196,-0.47429734468460083,0.9991241097450256,0.46423664689064026,0.32259684801101685,-0.5610600709915161,0.9993055462837219,0.4518701434135437,0.3231874704360962,-0.5595152974128723,0.9992097616195679,0.5086650848388672,0.33760762214660645,-0.33469489216804504,0.9994443655014038,0.41962260007858276,0.34787875413894653,-0.3354516327381134,0.9996645450592041,0.4989112913608551,0.4158431887626648,-0.28770357370376587,0.787409245967865,0.43157583475112915,0.4209432005882263,-0.31514695286750793,0.9461074471473694,0.5014899373054504,0.4903888702392578,-0.357835978269577,0.7789027094841003,0.4662293493747711,0.49248796701431274,-0.4136526584625244,0.9026103615760803,0.4986388087272644,0.5094565153121948,-0.3891531825065613,0.7483925223350525,0.46976765990257263,0.5129058957099915,-0.4524248540401459,0.8643346428871155,0.49261364340782166,0.5091493725776672,-0.42571574449539185,0.7531679272651672,0.4765170216560364,0.5109335780143738,-0.4757447838783264,0.8659114837646484,0.49077996611595154,0.4987000823020935,-0.3724997043609619,0.7372022271156311,0.47557440400123596,0.5021649599075317,-0.4237440526485443,0.834431529045105,0.489661306142807,0.47280153632164,-0.0017762214411050081,0.999774694442749,0.43385082483291626,0.47361183166503906,0.0018509144429117441,0.9997239708900452,0.5223281383514404,0.5767888426780701,-0.10900844633579254,0.9456966519355774,0.4004400670528412,0.5903060436248779,-0.04986381158232689,0.9886754751205444,0.5404131412506104,0.6845186352729797,0.02773650549352169,0.9742171168327332,0.3748515248298645,0.6863273978233337,0.12133581936359406,0.9892396330833435,0.536630392074585,0.7015291452407837,0.032716620713472366,0.874454140663147,0.3802103102207184,0.7017558813095093,0.12956742942333221,0.8726029992103577,0.5548450946807861,0.7153159976005554,-0.13346903026103973,0.9685319066047668,0.3570427894592285,0.7169276475906372,-0.02734426222741604,0.9803740978240967
15,0.45845094323158264,0.31543904542922974,-0.6586058735847473,0.9997607469558716,0.4622916281223297,0.3036442995071411,-0.6503089070320129,0.9995959401130676,0.46623796224594116,0.30309200286865234,-0.6503636240959167,0.9994683265686035,0.4698027968406677,0.3023535907268524,-0.6504207849502563,0.999599814414978,0.45257657766342163,0.3040499687194824,-0.6494688987731934,0.9996274709701538,0.4497266709804535,0.3037671446800232,-0.6495819687843323,0.9995485544204712,0.44694510102272034,0.30326318740844727,-0.6495960354804993,0.9996269941329956,0.4749903082847595,0.3006683886051178,-0.5222367644309998,0.998853325843811,0.443298876285553,0.30370575189590454,-0.5179003477096558,0.9991303086280823,0.4661192297935486,0.32219845056533813,-0.6035534739494324,0.9993468523025513,0.45339688658714294,0.3241325616836548,-0.6024483442306519,0.9992526769638062,0.509732186794281,0.3385480046272278,-0.3685266077518463,0.9994915127754211,0.4193100333213806,0.3476044535636902,-0.3729025423526764,0.9996885657310486,0.4998181462287903,0.4148929715156555,-0.3215264081954956,0.8048617243766785,0.4288601279258728,0.4213421940803528,-0.35395389795303345,0.9458023905754089,0.492987722158432,0.4870690703392029,-0.3909112215042114,0.7941222786903381,0.4646387994289398,0.49047669768333435,-0.45296114683151245,0.9044135212898254,0.49352964758872986,0.5085497498512268,-0.4235014021396637,0.7629165053367615,0.46723827719688416,0.5079159140586853,-0.49404510855674744,0.8664246201515198,0.49048319458961487,0.5084449648857117,-0.45951980352401733,0.7676185965538025,0.4737984538078308,0.5092353224754333,-0.516878068447113,0.8682380318641663,0.4888521134853363,0.49804210662841797,-0.4054260849952698,0.7508421540260315,0.4726576805114746,0.5000801086425781,-0.4629557728767395,0.8368958830833435,0.48941487073898315,0.47288671135902405,-0.00010456422751303762,0.9997648000717163,0.43314799666404724,0.4715908169746399,0.00015202854410745203,0.99970543384552,0.5212762951850891,0.5823402404785156,-0.06978999823331833,0.9505288004875183,0.4004969000816345,0.5913328528404236,-0.05107077211141586,0.9891000986099243,0.5392436981201172,0.682822585105896,0.08187104016542435,0.9761431813240051,0.3742571771144867,0.6856780052185059,0.1313682496547699,0.9895341396331787,0.5366432070732117,0.7003682851791382,0.08811865746974945,0.8772484660148621,0.37805771827697754,0.6999471783638,0.14069212973117828,0.8724818229675293,0.5530691742897034,0.7196879386901855,-0.07657478004693985,0.9704070091247559,0.35802504420280457,0.7167457342147827,-0.016846397891640663,0.980765163898468
16,0.4605526924133301,0.30953797698020935,-0.6553940176963806,0.9997740983963013,0.46481332182884216,0.3008512258529663,-0.6464142203330994,0.9996078014373779,0.46818771958351135,0.3001909852027893,-0.646472692489624,0.9994873404502869,0.47148212790489197,0.2993587553501129,-0.6465151906013489,0.9996129274368286,0.45580577850341797,0.3014501929283142,-0.6462563872337341,0.9996374845504761,0.4525389075279236,0.30121248960494995,-0.6463699340820312,0.999559760093689,0.4498952031135559,0.30080294609069824,-0.6463887095451355,0.999635636806488,0.4763244092464447,0.29791906476020813,-0.517604410648346,0.9988744854927063,0.44539013504981995,0.3018612861633301,-0.516441822052002,0.9991453289985657,0.4678928256034851,0.3184753656387329,-0.6003934741020203,0.9993853569030762,0.45642727613449097,0.3192252218723297,-0.6001756191253662,0.999295711517334,0.5098936557769775,0.3372865915298462,-0.365702360868454,0.9995344281196594,0.4199305474758148,0.3467729389667511,-0.3744567930698395,0.9997124075889587,0.49975019693374634,0.4193456768989563,-0.32165658473968506,0.8210861682891846,0.42418116331100464,0.420309841632843,-0.3564560115337372,0.9468263983726501,0.4917739927768707,0.48636141419410706,-0.3927103877067566,0.8085818886756897,0.45941075682640076,0.4901418685913086,-0.4528319239616394,0.9075502753257751,0.49213266372680664,0.507743239402771,-0.4267151951789856,0.7764758467674255,0.4662105441093445,0.5118672847747803,-0.49428677558898926,0.8698617219924927,0.4894281029701233,0.5076296925544739,-0.4616308808326721,0.7810186147689819,0.4726993441581726,0.5096012353897095,-0.5168705582618713,0.8718161582946777,0.4856312870979309,0.4974184036254883,-0.40706753730773926,0.7634602785110474,0.4718295931816101,0.5001739263534546,-0.4626273214817047,0.840782642364502,0.4892791211605072,0.4714180827140808,0.001668906188569963,0.9997610449790955,0.4327074885368347,0.4703311324119568,-0.0016400853637605906,0.9997029304504395,0.5206882953643799,0.5818871855735779,-0.051661573350429535,0.9547894597053528,0.40283212065696716,0.5905950665473938,-0.06270122528076172,0.9894585013389587,0.5386009812355042,0.6813666224479675,0.1097462996840477,0.9777712821960449,0.374738872051239,0.6854674816131592,0.12224117666482925,0.989773690700531,0.5359594821929932,0.6987615823745728,0.11657054722309113,0.8782957196235657,0.37850478291511536,0.7000100612640381,0.13145598769187927,0.8708676695823669,0.5510298609733582,0.7133253812789917,-0.0448804572224617,0.9719183444976807,0.35725829005241394,0.7153754234313965,-0.026747530326247215,0.9810437560081482
17,0.45963168144226074,0.31389811635017395,-0.6302823424339294,0.9997889995574951,0.4641607403755188,0.30446988344192505,-0.6217753291130066,0.9996259212493896,0.4683009088039398,0.3009994626045227,-0.6218299865722656,0.9995144009590149,0.4719601273536682,0.30019789934158325,-0.6218702793121338,0.9996322989463806,0.4543081223964691,0.3044924736022949,-0.6199119091033936,0.9996525049209595,0.45152610540390015,0.30404531955718994,-0.6200188994407654,0.9995777010917664,0.44877904653549194,0.3034651279449463,-0.6200314164161682,0.999649167060852,0.47754377126693726,0.2987557351589203,-0.49743565917015076,0.9989213943481445,0.445089727640152,0.3020836114883423,-0.4886217713356018,0.999169111251831,0.46753937005996704,0.3230993151664734,-0.5773600935935974,0.9994255900382996,0.4543103277683258,0.3226988613605499,-0.5748894810676575,0.9993388652801514,0.5098826885223389,0.3382115364074707,-0.3562453091144562,0.9995753765106201,0.420311838388443,0.34707093238830566,-0.34756654500961304,0.9997345805168152,0.49990805983543396,0.41833019256591797,-0.31656232476234436,0.8366368412971497,0.42398014664649963,0.4190760552883148,-0.328776478767395,0.9474416971206665,0.4904031753540039,0.4867681562900543,-0.38640695810317993,0.822998046875,0.4565742611885071,0.4867803454399109,-0.4254978597164154,0.910043478012085,0.4910353720188141,0.506629467010498,-0.42025965452194214,0.7906034588813782,0.46248120069503784,0.504377543926239,-0.4650365710258484,0.8723922967910767,0.4874876141548157,0.5069901943206787,-0.45323824882507324,0.7948992848396301,0.4693424701690674,0.5059688687324524,-0.48734769225120544,0.8745046854019165,0.4837380051612854,0.49738162755966187,-0.39989086985588074,0.7769840359687805,0.4686795175075531,0.49655455350875854,-0.4354391098022461,0.8437858819961548,0.48932838439941406,0.4719129204750061,-0.0028413457330316305,0.9997639656066895,0.4342135488986969,0.4734763503074646,0.002862124005332589,0.9997075796127319,0.5212318301200867,0.5798520445823669,-0.047508567571640015,0.9586519002914429,0.40243443846702576,0.589790940284729,-0.04764547199010849,0.9898393154144287,0.5410981178283691,0.6771881580352783,0.11396671831607819,0.9791874289512634,0.3732064664363861,0.6863976716995239,0.12824654579162598,0.9900367259979248,0.5390796661376953,0.6890977025032043,0.12156559526920319,0.8785672187805176,0.37871816754341125,0.698433518409729,0.1372305303812027,0.8705898523330688,0.5532764196395874,0.7108969688415527,-0.032748669385910034,0.973217785358429,0.35542258620262146,0.7151981592178345,-0.014956904575228691,0.9814022183418274
18,0.4618261456489563,0.3055323362350464,-0.5879691243171692,0.9997922778129578,0.46636733412742615,0.2975084185600281,-0.5768308639526367,0.9996234178543091,0.4695776402950287,0.29706430435180664,-0.5768851041793823,0.9995124340057373,0.4734060764312744,0.29659467935562134,-0.5769551992416382,0.9996299743652344,0.4571961760520935,0.29804253578186035,-0.5772858262062073,0.9996488094329834,0.4534910321235657,0.2979336380958557,-0.5773864984512329,0.999569833278656,0.45067301392555237,0.2977297008037567,-0.5774019360542297,0.9996413588523865,0.4772646427154541,0.2965223789215088,-0.4499717354774475,0.9989004731178284,0.44670891761779785,0.300237774848938,-0.4519272446632385,0.9991414546966553,0.46933212876319885,0.31542402505874634,-0.5346382856369019,0.9994462728500366,0.45794591307640076,0.31601470708847046,-0.5353962779045105,0.9993593692779541,0.5093356966972351,0.3374089300632477,-0.3107258081436157,0.9996065497398376,0.4199051260948181,0.34748566150665283,-0.32486692070961,0.9997483491897583,0.49958521127700806,0.41909271478652954,-0.2680712342262268,0.8472220301628113,0.42472678422927856,0.4206189215183258,-0.3110288679599762,0.9468708038330078,0.4995655417442322,0.48797550797462463,-0.34576043486595154,0.8316496014595032,0.46454373002052307,0.49083003401756287,-0.4067816138267517,0.9105825424194336,0.4932475984096527,0.506527304649353,-0.378963828086853,0.7984703183174133,0.4675663411617279,0.5113147497177124,-0.4454731345176697,0.8729842305183411,0.4906848073005676,0.5067088603973389,-0.4136064052581787,0.8028693199157715,0.4770527780056,0.5088276267051697,-0.4672514796257019,0.8752524852752686,0.4894537031650543,0.49629491567611694,-0.36025744676589966,0.7842830419540405,0.4732074737548828,0.4998108744621277,-0.41596800088882446,0.8444470167160034,0.4880792200565338,0.4723898768424988,0.0010058677289634943,0.9997599124908447,0.4322623610496521,0.4717992842197418,-0.0009455360705032945,0.9996911883354187,0.5230088829994202,0.5782870650291443,-0.10700671374797821,0.9622116088867188,0.39935874938964844,0.5937418341636658,-0.03364687040448189,0.9900595545768738,0.5405091047286987,0.6798698902130127,0.03901068866252899,0.9805936217308044,0.3737926483154297,0.6849285364151001,0.15130357444286346,0.9901206493377686,0.5375336408615112,0.6964603066444397,0.045155689120292664,0.8804330229759216,0.3777182400226593,0.6988537907600403,0.16114360094070435,0.8685822486877441,0.553301990032196,0.7119592428207397,-0.11770983040332794,0.9746038913726807,0.3557337522506714,0.716995120048523,0.008267516270279884,0.9814738035202026
19,0.4615730345249176,0.30334246158599854,-0.6139242649078369,0.9998043775558472,0.46613478660583496,0.29472655057907104,-0.603847324848175,0.9996370077133179,0.4695513844490051,0.2942100763320923,-0.6038938760757446,0.9995349049568176,0.4728695750236511,0.29373347759246826,-0.6039376854896545,0.9996442198753357,0.45613235235214233,0.2958570122718811,-0.6032338738441467,0.9996609687805176,0.45338258147239685,0.2960194945335388,-0.6033482551574707,0.9995866417884827,0.45055586099624634,0.29602062702178955,-0.6033660769462585,0.9996525645256042,0.47727617621421814,0.29488956928253174,-0.4773210883140564,0.9989387392997742,0.4461274743080139,0.29887691140174866,-0.47421401739120483,0.9991651177406311,0.46946626901626587,0.3126234710216522,-0.5606238842010498,0.9994749426841736,0.4561886787414551,0.3136933445930481,-0.5598650574684143,0.9993914365768433,0.5103338956832886,0.3388432264328003,-0.33389508724212646,0.9996379017829895,0.4202008843421936,0.3469439148902893,-0.33685991168022156,0.9997645616531372,0.5000610947608948,0.4191981256008148,-0.28232336044311523,0.858337938785553,0.4259238839149475,0.416393518447876,-0.30707427859306335,0.9465080499649048,0.4887222647666931,0.48696309328079224,-0.3461605906486511,0.8405147194862366,0.4543301463127136,0.4890078902244568,-0.38709160685539246,0.9105829000473022,0.4893900752067566,0.5064224600791931,-0.37683162093162537,0.8061673045158386,0.4534422755241394,0.5064164400100708,-0.4225229322910309,0.872566282749176,0.48573628067970276,0.5062100291252136,-0.4106970429420471,0.8104630708694458,0.46756941080093384,0.5109922289848328,-0.4477735459804535,0.875087320804596,0.4820137619972229,0.49687719345092773,-0.3597818613052368,0.7909501194953918,0.46195417642593384,0.4987877905368805,-0.3974801301956177,0.844165027141571,0.48924726247787476,0.4707182049751282,0.0002509904734324664,0.9997625350952148,0.4335935711860657,0.4697929322719574,-0.0001978272630367428,0.9996949434280396,0.5225275158882141,0.5798510313034058,-0.04676263406872749,0.9653866291046143,0.40311822295188904,0.5912510752677917,-0.0434216670691967,0.9904119372367859,0.5409100651741028,0.6808310747146606,0.10176978260278702,0.981835663318634,0.374550461769104,0.6847904920578003,0.12339796125888824,0.9903656244277954,0.5397509932518005,0.6935614347457886,0.10781848430633545,0.8814035654067993,0.3771762251853943,0.6998269557952881,0.1314201056957245,0.868316650390625,0.5527344346046448,0.7143382430076599,-0.0490330345928669,0.9757913947105408,0.3554724454879761,0.7165749669075012,-0.021485917270183563,0.9818068146705627
20,0.4614311754703522,0.31349724531173706,-0.6485800743103027,0.999816358089447,0.4667062759399414,0.30406075716018677,-0.6395449638366699,0.9996522068977356,0.47053104639053345,0.3037148714065552,-0.6395961046218872,0.999557614326477,0.4740068018436432,0.30315375328063965,-0.6396389603614807,0.999660313129425,0.4560123383998871,0.3040400743484497,-0.6386727094650269,0.9996743202209473,0.452373743057251,0.30369776487350464,-0.6387977600097656,0.9996034502983093,0.449359655380249,0.3033216595649719,-0.6388193964958191,0.9996652603149414,0.4782235622406006,0.30266523361206055,-0.5111711621284485,0.9989789724349976,0.4447961449623108,0.3053411841392517,-0.5069958567619324,0.9991903305053711,0.46961721777915955,0.32361727952957153,-0.5939804315567017,0.9995044469833374,0.4563347399234772,0.3230173885822296,-0.5928748846054077,0.9994233846664429,0.5094345808029175,0.34012097120285034,-0.36354199051856995,0.9996676445007324,0.4194211959838867,0.34789547324180603,-0.36278918385505676,0.9997804760932922,0.4997158646583557,0.42012643814086914,-0.31782835721969604,0.8695359826087952,0.4244181513786316,0.4198637008666992,-0.34031638503074646,0.9466581344604492,0.48813754320144653,0.48719555139541626,-0.38612601161003113,0.8504438996315002,0.4562820792198181,0.48770028352737427,-0.430695116519928,0.9114282727241516,0.48919638991355896,0.5066906213760376,-0.4191531240940094,0.8156591653823853,0.4626378118991852,0.5058395266532898,-0.4692612588405609,0.8732197284698486,0.4834328591823578,0.5066144466400146,-0.45230966806411743,0.8197369575500488,0.46939802169799805,0.5075849890708923,-0.4924985468387604,0.8758568167686462,0.4818567633628845,0.49724799394607544,-0.3996051549911499,0.7996026277542114,0.46842050552368164,0.4972606599330902,-0.44065195322036743,0.8448053598403931,0.48830312490463257,0.47529512643814087,-0.0007745392504148185,0.9997641444206238,0.4330478310585022,0.4753936231136322,0.0008040298707783222,0.9996967911720276,0.5212790369987488,0.5846529603004456,-0.04249360412359238,0.9682129621505737,0.40021902322769165,0.5918828248977661,-0.04722174257040024,0.9906779527664185,0.5399104356765747,0.6804923415184021,0.1176525130867958,0.9829022288322449,0.3734522759914398,0.6863511800765991,0.1323239654302597,0.9905293583869934,0.536013126373291,0.6964777708053589,0.12501446902751923,0.8823480606079102,0.37836670875549316,0.6976227164268494,0.14170987904071808,0.8684379458427429,0.5523360967636108,0.7117580771446228,-0.032033227384090424,0.9767797589302063,0.3538081645965576,0.7158481478691101,-0.01166557241231203,0.9820339679718018
21,0.4618448317050934,0.3156281113624573,-0.5908554196357727,0.9998257756233215,0.4660584330558777,0.30503082275390625,-0.5819517970085144,0.9996638894081116,0.46970105171203613,0.30444106459617615,-0.5819953680038452,0.9995759725570679,0.47311821579933167,0.30360519886016846,-0.5820289254188538,0.9996731281280518,0.45572543144226074,0.3053731918334961,-0.5825943350791931,0.9996830821037292,0.45206600427627563,0.30500906705856323,-0.5826976299285889,0.9996142983436584,0.4489317834377289,0.3044828474521637,-0.5827122330665588,0.9996728897094727,0.4771159291267395,0.302477091550827,-0.46024155616760254,0.9990087747573853,0.4443743824958801,0.30573567748069763,-0.4626268446445465,0.9992068409919739,0.4695737957954407,0.3228434920310974,-0.5389361381530762,0.9995304346084595,0.45694994926452637,0.3231346905231476,-0.5396828651428223,0.9994506239891052,0.5097611546516418,0.34135597944259644,-0.3207587003707886,0.9996956586837769,0.42045894265174866,0.3494845926761627,-0.3357645869255066,0.9997960329055786,0.501417875289917,0.4179610311985016,-0.2818278968334198,0.8792675137519836,0.4300754964351654,0.42118358612060547,-0.3242042362689972,0.9480171799659729,0.4921385645866394,0.4886757433414459,-0.35561996698379517,0.8596683144569397,0.4646883010864258,0.4909817576408386,-0.41490477323532104,0.9146397709846497,0.49189138412475586,0.5106430649757385,-0.3874577283859253,0.824702799320221,0.46771788597106934,0.5088945627212524,-0.45456185936927795,0.8770002126693726,0.4887816309928894,0.509902834892273,-0.42096424102783203,0.8286848664283752,0.47341060638427734,0.5090137720108032,-0.47495704889297485,0.8797125220298767,0.4872465133666992,0.4995388090610504,-0.3696244955062866,0.8084693551063538,0.4727095663547516,0.5001386404037476,-0.4240108132362366,0.8493719100952148,0.48997583985328674,0.4744327664375305,0.0027927334886044264,0.9997683763504028,0.43541258573532104,0.47526511549949646,-0.002756163477897644,0.9997023344039917,0.5212050080299377,0.5827405452728271,-0.03372641280293465,0.970720112323761,0.4015643000602722,0.5936762690544128,-0.0473034493625164,0.9909207820892334,0.5410023927688599,0.6823603510856628,0.10147881507873535,0.9837946891784668,0.3733329176902771,0.6855325698852539,0.10981212556362152,0.990648627281189,0.5402241945266724,0.6978594064712524,0.10682060569524765,0.8819632530212402,0.37705928087234497,0.6993480920791626,0.11735455691814423,0.8673515319824219,0.5537270903587341,0.7139411568641663,-0.04398379102349281,0.9776317477226257,0.35757920145988464,0.7156777381896973,-0.02929600700736046,0.9822232723236084
22,0.4627298414707184,0.31624719500541687,-0.603360116481781,0.9998248219490051,0.4670642912387848,0.3049510717391968,-0.5935202240943909,0.9996548891067505,0.4704361855983734,0.3043883740901947,-0.5935515761375427,0.9995675086975098,0.4738937020301819,0.30359894037246704,-0.5936007499694824,0.9996647834777832,0.45699018239974976,0.30519551038742065,-0.5957399010658264,0.999673068523407,0.4531312882900238,0.3047933876514435,-0.5958561301231384,0.9996004104614258,0.4499625563621521,0.3042857050895691,-0.5958796739578247,0.9996597766876221,0.4770936071872711,0.3022652864456177,-0.4662814736366272,0.9989703893661499,0.44548994302749634,0.3051500618457794,-0.4759902060031891,0.9991766214370728,0.4698219895362854,0.32340672612190247,-0.5489833354949951,0.999535322189331,0.4577336311340332,0.3238016366958618,-0.5519343018531799,0.9994533658027649,0.508527934551239,0.3397204279899597,-0.31662607192993164,0.9997159242630005,0.42057162523269653,0.3490038514137268,-0.34685632586479187,0.9998051524162292,0.49826425313949585,0.41437584161758423,-0.26635411381721497,0.8841170072555542,0.43075284361839294,0.4214481711387634,-0.3304525911808014,0.9474218487739563,0.4996647238731384,0.4850223660469055,-0.3387089967727661,0.8619843125343323,0.46621766686439514,0.4936215877532959,-0.4150518476963043,0.9138259887695312,0.5025560855865479,0.5064091682434082,-0.36891141533851624,0.8261438608169556,0.4706188142299652,0.5105854272842407,-0.45337194204330444,0.8761100769042969,0.49374526739120483,0.5004862546920776,-0.4046899676322937,0.8303477764129639,0.4768746495246887,0.510623574256897,-0.4755879044532776,0.8789992332458496,0.49230948090553284,0.49598485231399536,-0.353476345539093,0.809302568435669,0.4762931764125824,0.5025572180747986,-0.42429646849632263,0.8484500050544739,0.4901726245880127,0.4739609360694885,0.006138303317129612,0.9997615814208984,0.4343961775302887,0.47441309690475464,-0.006090877112001181,0.9996890425682068,0.5233278870582581,0.5806424021720886,-0.060506343841552734,0.9729944467544556,0.40016794204711914,0.5903481841087341,-0.048494018614292145,0.9910538196563721,0.5420234203338623,0.6828537583351135,0.07375016808509827,0.9846926331520081,0.37455472350120544,0.6852387189865112,0.11928240954875946,0.9907106161117554,0.5388181209564209,0.6996160745620728,0.07858222723007202,0.8837886452674866,0.3760351836681366,0.6993778347969055,0.12745177745819092,0.8670802116394043,0.5538212060928345,0.7142637372016907,-0.08095661550760269,0.9785292148590088,0.3585818111896515,0.7172751426696777,-0.02494177594780922,0.9823111891746521
23,0.4611620008945465,0.3168432116508484,-0.5569222569465637,0.9998297691345215,0.4656437337398529,0.3056955933570862,-0.546103298664093,0.9996610283851624,0.46936240792274475,0.30505502223968506,-0.5461284518241882,0.9995757937431335,0.4728220999240875,0.3041919767856598,-0.5461753010749817,0.9996710419654846,0.4549868106842041,0.30696067214012146,-0.546579897403717,0.9996779561042786,0.45129871368408203,0.30650395154953003,-0.5466591715812683,0.9996052980422974,0.4480918049812317,0.3050784468650818,-0.5466650724411011,0.9996629953384399,0.47680267691612244,0.30285337567329407,-0.4224814772605896,0.9989808201789856,0.44355231523513794,0.30599531531333923,-0.4242919087409973,0.9991723895072937,0.4689532220363617,0.3243008852005005,-0.5048994421958923,0.9995525479316711,0.45578569173812866,0.325027197599411,-0.5055734515190125,0.9994693994522095,0.5094988346099854,0.3403204679489136,-0.28785234689712524,0.9997363686561584,0.4199114739894867,0.3496512174606323,-0.3003261685371399,0.999814510345459,0.5018028616905212,0.4162537157535553,-0.24251894652843475,0.8911007642745972,0.43179163336753845,0.42555171251296997,-0.28702911734580994,0.9479062557220459,0.4945761561393738,0.48736944794654846,-0.31411468982696533,0.86854487657547,0.4667263925075531,0.49360138177871704,-0.38046661019325256,0.9158641695976257,0.4986724257469177,0.5107473731040955,-0.34391528367996216,0.8324666619300842,0.4706752896308899,0.5143404006958008,-0.4173470437526703,0.8785983920097351,0.4929007589817047,0.5100618600845337,-0.37846291065216064,0.8367493152618408,0.47743111848831177,0.5119194388389587,-0.4382750391960144,0.8815825581550598,0.49121350049972534,0.4986315369606018,-0.3282104730606079,0.8157201409339905,0.4767554700374603,0.5027547478675842,-0.38947394490242004,0.8515362739562988,0.4908222258090973,0.47394639253616333,0.001085412222892046,0.9997650384902954,0.43527111411094666,0.47561007738113403,-0.000987490639090538,0.9996874928474426,0.522841215133667,0.5726804137229919,-0.1164315789937973,0.9752724170684814,0.40000730752944946,0.5903630256652832,-0.04562462121248245,0.9914084076881409,0.5404808521270752,0.6796197891235352,0.005819494836032391,0.985729455947876,0.37593457102775574,0.6839715242385864,0.10941996425390244,0.9910754561424255,0.5369998216629028,0.6920117139816284,0.00996235478669405,0.8871617913246155,0.3810473382472992,0.6963418126106262,0.11649149656295776,0.8690962195396423,0.5532689094543457,0.7131866812705994,-0.15061739087104797,0.9798052310943604,0.35826680064201355,0.7148804664611816,-0.035492099821567535,0.9829925894737244
24,0.46264830231666565,0.3130546808242798,-0.6592832803726196,0.9998388886451721,0.46827664971351624,0.303627610206604,-0.6495550274848938,0.9996753931045532,0.47189465165138245,0.3032718896865845,-0.649603009223938,0.9995940923690796,0.47562175989151,0.3027370870113373,-0.6496524810791016,0.9996855854988098,0.45718997716903687,0.30366387963294983,-0.6495155096054077,0.9996920824050903,0.45306453108787537,0.3032693862915039,-0.6496248245239258,0.9996216297149658,0.44968169927597046,0.3027386963367462,-0.6496284008026123,0.9996767640113831,0.4792400002479553,0.3014940619468689,-0.5167396068572998,0.9990229606628418,0.4448474049568176,0.30340999364852905,-0.5167431235313416,0.9992021322250366,0.4707142412662506,0.32264041900634766,-0.6026695966720581,0.999579131603241,0.4567212164402008,0.323250412940979,-0.6028339862823486,0.9994996190071106,0.5090174078941345,0.3423427939414978,-0.3653866946697235,0.9997577667236328,0.41857782006263733,0.3470882773399353,-0.3679358661174774,0.9998267889022827,0.5014309287071228,0.4213380813598633,-0.31714123487472534,0.8994832038879395,0.4266739785671234,0.42271876335144043,-0.34842774271965027,0.9489270448684692,0.4898090958595276,0.4886504113674164,-0.38986697793006897,0.8771230578422546,0.4602465033531189,0.491199791431427,-0.44504475593566895,0.9185587167739868,0.491830438375473,0.5107618570327759,-0.424549400806427,0.8417581915855408,0.4678831100463867,0.5113611817359924,-0.48482102155685425,0.8822779059410095,0.48617392778396606,0.5100834369659424,-0.45871981978416443,0.845889151096344,0.47368112206459045,0.5117393136024475,-0.5091409683227539,0.8853157758712769,0.4840053915977478,0.49985378980636597,-0.40389758348464966,0.8251509666442871,0.47244033217430115,0.5020326972007751,-0.4553903639316559,0.8559468984603882,0.49024510383605957,0.4730280935764313,-0.002273501828312874,0.9997698664665222,0.4336391091346741,0.47477442026138306,0.0023245138581842184,0.9996875524520874,0.5230133533477783,0.5794065594673157,-0.09089025110006332,0.9772520661354065,0.40254226326942444,0.5887923240661621,-0.0357796810567379,0.9915241003036499,0.5420722365379333,0.6819964647293091,0.05579357594251633,0.9865783452987671,0.37465497851371765,0.6846280097961426,0.14681749045848846,0.991174578666687,0.5396955013275146,0.6986066699028015,0.061984606087207794,0.888922393321991,0.3757299780845642,0.6987075209617615,0.15642963349819183,0.8685934543609619,0.5507891178131104,0.7195928692817688,-0.10391554981470108,0.9807373881340027,0.35979127883911133,0.716842532157898,0.00016531889559701085,0.983176589012146
25,0.46593910455703735,0.31294113397598267,-0.6377626657485962,0.9998441338539124,0.47103410959243774,0.30436789989471436,-0.6283007860183716,0.9996806383132935,0.4748934805393219,0.30405372381210327,-0.628337562084198,0.9996007680892944,0.47833698987960815,0.3034142255783081,-0.6283802390098572,0.9996909499168396,0.4603942036628723,0.3041495084762573,-0.6292620897293091,0.9996975064277649,0.45682621002197266,0.30370524525642395,-0.6293832659721375,0.9996277689933777,0.4524834156036377,0.30014145374298096,-0.6294006109237671,0.9996822476387024,0.4812081456184387,0.3023551404476166,-0.4966000020503998,0.9990291595458984,0.44720107316970825,0.30141162872314453,-0.5016053915023804,0.9992057085037231,0.4724530279636383,0.32214730978012085,-0.5815274715423584,0.9995920658111572,0.45958971977233887,0.32219648361206055,-0.5830888748168945,0.9995163679122925,0.5086483359336853,0.34172874689102173,-0.34317314624786377,0.9997748136520386,0.41875332593917847,0.3462960124015808,-0.35508209466934204,0.9998366236686707,0.4996582865715027,0.42111149430274963,-0.28595876693725586,0.9060161113739014,0.42034775018692017,0.4170559048652649,-0.32504841685295105,0.9491768479347229,0.4900284707546234,0.4884394705295563,-0.35630613565444946,0.8838412165641785,0.4481435716152191,0.4818041920661926,-0.4115777611732483,0.9198527336120605,0.4917725622653961,0.5099672675132751,-0.388068288564682,0.8488468527793884,0.4469398856163025,0.5057882070541382,-0.44742584228515625,0.8839255571365356,0.4878315031528473,0.5103706121444702,-0.4242055416107178,0.8529555797576904,0.4566288888454437,0.50286465883255,-0.47442445158958435,0.8871410489082336,0.4832848906517029,0.5001304149627686,-0.37111300230026245,0.8323270678520203,0.45678672194480896,0.49850431084632874,-0.42253947257995605,0.8582181334495544,0.48990288376808167,0.4722362160682678,0.0035852391738444567,0.999765932559967,0.4342783987522125,0.47331494092941284,-0.0035477220080792904,0.9996756315231323,0.5248281359672546,0.5834419131278992,-0.07176446169614792,0.9789608716964722,0.4024820923805237,0.5897520780563354,-0.04655904322862625,0.9916170835494995,0.5405929088592529,0.6936033368110657,0.0588349811732769,0.9873641133308411,0.3729396462440491,0.6885849237442017,0.11561571061611176,0.9912718534469604,0.5352429151535034,0.7116613388061523,0.06327614188194275,0.8913432955741882,0.3757205605506897,0.7032641172409058,0.12320246547460556,0.8688880205154419,0.5526497960090637,0.7265958786010742,-0.10027094930410385,0.981611967086792,0.3545418381690979,0.7184956073760986,-0.033822279423475266,0.9833756685256958
26,0.46482568979263306,0.3123481273651123,-0.6375836730003357,0.9998514652252197,0.4709905683994293,0.303844690322876,-0.6274961233139038,0.9996922016143799,0.4745491147041321,0.3036583662033081,-0.6275300979614258,0.9996150732040405,0.4784955084323883,0.3032633662223816,-0.627572238445282,0.9997024536132812,0.4596940875053406,0.30298370122909546,-0.6273526549339294,0.9997085928916931,0.4559445381164551,0.30038654804229736,-0.6274668574333191,0.9996406435966492,0.4518791735172272,0.2996816039085388,-0.6274750232696533,0.9996930956840515,0.48156309127807617,0.302325576543808,-0.4946874976158142,0.9990572929382324,0.4469381272792816,0.30079615116119385,-0.49459338188171387,0.9992222785949707,0.4725576341152191,0.3221287429332733,-0.5813161730766296,0.9996094107627869,0.45904916524887085,0.32106301188468933,-0.5814111232757568,0.9995367527008057,0.5098233819007874,0.3429130017757416,-0.34511610865592957,0.9997910261154175,0.4186949133872986,0.3467896282672882,-0.3453388214111328,0.9998450875282288,0.500419020652771,0.4213891923427582,-0.2919405698776245,0.9123634099960327,0.41873234510421753,0.4189679026603699,-0.31465351581573486,0.9489452838897705,0.48873916268348694,0.49192509055137634,-0.3641991913318634,0.8903093338012695,0.44717445969581604,0.4877442419528961,-0.4029751718044281,0.9204635620117188,0.4905652403831482,0.5136620998382568,-0.39730337262153625,0.8557661175727844,0.445933997631073,0.5071815252304077,-0.43864384293556213,0.8848151564598083,0.4866744875907898,0.5102620124816895,-0.431962788105011,0.85979163646698,0.45620736479759216,0.5089280009269714,-0.4662342965602875,0.8882197737693787,0.4826969504356384,0.5042913556098938,-0.3784169554710388,0.8393685221672058,0.4562802314758301,0.49954041838645935,-0.41438835859298706,0.8596365451812744,0.48913154006004333,0.47616711258888245,0.0011161406291648746,0.9997698068618774,0.4326649308204651,0.4754165709018707,-0.0010837656445801258,0.9996744990348816,0.5240517854690552,0.5844473838806152,-0.07622716575860977,0.9805681705474854,0.40192610025405884,0.5927219390869141,-0.03653237596154213,0.99174964427948,0.5392295122146606,0.6923718452453613,0.05942055583000183,0.9881181716918945,0.3721836805343628,0.6878038644790649,0.13145089149475098,0.9914000630378723,0.5340430736541748,0.7103996276855469,0.06436669826507568,0.894015371799469,0.37503713369369507,0.7022199630737305,0.13963870704174042,0.8697067499160767,0.5505121946334839,0.725731372833252,-0.10079316794872284,0.9825020432472229,0.3542330265045166,0.717523455619812,-0.017428575083613396,0.9836561679840088
27,0.46713000535964966,0.3146459758281708,-0.6380902528762817,0.9998560547828674,0.4719003736972809,0.30285418033599854,-0.6287271976470947,0.9996974468231201,0.4755558371543884,0.30252277851104736,-0.628765344619751,0.9996220469474792,0.4789716601371765,0.3017812669277191,-0.6288074254989624,0.999708354473114,0.4615093767642975,0.3025660514831543,-0.6303324699401855,0.999713659286499,0.4578990042209625,0.3020056486129761,-0.6304447054862976,0.9996461868286133,0.45349788665771484,0.3011665940284729,-0.630452573299408,0.999698281288147,0.48237138986587524,0.2993398904800415,-0.497101366519928,0.9990724325180054,0.44745153188705444,0.30125826597213745,-0.5048525929450989,0.999230682849884,0.47348612546920776,0.3207301199436188,-0.5817693471908569,0.9996223449707031,0.4602206349372864,0.32083916664123535,-0.5841408967971802,0.9995535612106323,0.5103602409362793,0.33987706899642944,-0.3452301621437073,0.9998055100440979,0.41787776350975037,0.34555914998054504,-0.3609364628791809,0.9998536109924316,0.49934643507003784,0.41993674635887146,-0.29112550616264343,0.9181426763534546,0.42022448778152466,0.4196982979774475,-0.33467787504196167,0.949469268321991,0.48743146657943726,0.4896788001060486,-0.35873499512672424,0.896449863910675,0.4474908709526062,0.48807230591773987,-0.4187299609184265,0.9221280217170715,0.49045199155807495,0.5105172395706177,-0.3908042013645172,0.8623184561729431,0.45480483770370483,0.5086266994476318,-0.4563024938106537,0.8869756460189819,0.48326006531715393,0.5093928575515747,-0.42538219690322876,0.8662835955619812,0.4636182188987732,0.50962233543396,-0.4815524220466614,0.8905032873153687,0.481011301279068,0.5004577040672302,-0.37297186255455017,0.8462123870849609,0.46305394172668457,0.49989229440689087,-0.429208368062973,0.8625305891036987,0.48919638991355896,0.4713742136955261,0.005151553079485893,0.9997668266296387,0.4320431649684906,0.47301262617111206,-0.00513251731172204,0.9996722340583801,0.5229186415672302,0.5845905542373657,-0.0524822473526001,0.9817238450050354,0.4038785398006439,0.5886843204498291,-0.05568112060427666,0.9917353987693787,0.5401697158813477,0.6876610517501831,0.08929739147424698,0.9884459972381592,0.3722262382507324,0.6894115209579468,0.10199813544750214,0.9914020895957947,0.537615954875946,0.7063985466957092,0.09522230923175812,0.8930596709251404,0.3746407628059387,0.7046992778778076,0.10917319357395172,0.8689550161361694,0.5512449145317078,0.7192627787590027,-0.0605001375079155,0.9827274084091187,0.3551008403301239,0.7204879522323608,-0.04699695110321045,0.9836297035217285
28,0.4628560543060303,0.30779460072517395,-0.5848891139030457,0.9998618364334106,0.46861743927001953,0.29908716678619385,-0.5742335915565491,0.9997076392173767,0.4723656177520752,0.2988399565219879,-0.5742611885070801,0.9996360540390015,0.4761737287044525,0.2962861657142639,-0.5742987990379333,0.9997188448905945,0.4573792517185211,0.2970053553581238,-0.5736238360404968,0.9997223615646362,0.4533471465110779,0.2967187464237213,-0.5737277865409851,0.9996570944786072,0.44994625449180603,0.29631417989730835,-0.5737316608428955,0.9997066855430603,0.4799373745918274,0.29809632897377014,-0.445540189743042,0.9991041421890259,0.44473448395729065,0.2980198264122009,-0.44301825761795044,0.9992441534996033,0.4712887406349182,0.31725001335144043,-0.5308508276939392,0.9996353983879089,0.45666059851646423,0.31548622250556946,-0.5302438735961914,0.9995670914649963,0.5098642706871033,0.34013471007347107,-0.30809932947158813,0.9998186230659485,0.417883962392807,0.3456949293613434,-0.30197736620903015,0.9998577833175659,0.5007437467575073,0.41799983382225037,-0.25427812337875366,0.9232140779495239,0.41721925139427185,0.4175742268562317,-0.2662438154220581,0.9485940933227539,0.48515385389328003,0.486522376537323,-0.32265716791152954,0.9012620449066162,0.43500518798828125,0.4780963063240051,-0.34619250893592834,0.921625554561615,0.4880678057670593,0.5071460008621216,-0.3533399999141693,0.8672485947608948,0.43966540694236755,0.5007966160774231,-0.3788633942604065,0.8862689733505249,0.48112231492996216,0.5062717795372009,-0.38686877489089966,0.8711948990821838,0.4473792016506195,0.4986799359321594,-0.4073471128940582,0.8901288509368896,0.4788596034049988,0.4971165060997009,-0.3362353444099426,0.8514229655265808,0.4447875916957855,0.4897249639034271,-0.3580573499202728,0.8627121448516846,0.488703191280365,0.475693941116333,-0.0026567571330815554,0.9997714161872864,0.43214312195777893,0.4773489534854889,0.0027149843517690897,0.9996737241744995,0.5223357677459717,0.5883157253265381,-0.05623406171798706,0.983011782169342,0.4038251042366028,0.5910661816596985,-0.025599170476198196,0.9918451309204102,0.5401501655578613,0.6926831007003784,0.0696982815861702,0.9890225529670715,0.3742187023162842,0.6852755546569824,0.126318097114563,0.991479754447937,0.5382947325706482,0.7066857814788818,0.07397741824388504,0.8941187858581543,0.37569737434387207,0.6997992992401123,0.1333117038011551,0.8694766759872437,0.5497756600379944,0.7270365953445435,-0.08614405989646912,0.9833956956863403,0.35675835609436035,0.7182059288024902,-0.017921868711709976,0.9838457107543945
29,0.4653915762901306,0.3113114833831787,-0.639347493648529,0.9998664855957031,0.4703671336174011,0.3019726872444153,-0.6304712891578674,0.9997135400772095,0.47387033700942993,0.30162227153778076,-0.6305016279220581,0.999643862247467,0.4772205352783203,0.301048219203949,-0.6305265426635742,0.9997251629829407,0.45991700887680054,0.30211490392684937,-0.6312459111213684,0.9997284412384033,0.45613545179367065,0.30181387066841125,-0.6313632130622864,0.9996644258499146,0.4518432021141052,0.301343709230423,-0.6313735246658325,0.9997134208679199,0.48068341612815857,0.29976215958595276,-0.500243067741394,0.9991115927696228,0.44614177942276,0.3020130395889282,-0.5040488243103027,0.9992532730102539,0.47194042801856995,0.3205051124095917,-0.5835293531417847,0.9996451735496521,0.45865195989608765,0.320753276348114,-0.5847252011299133,0.9995800256729126,0.5101742148399353,0.3413417339324951,-0.3492620289325714,0.9998306632041931,0.4181615710258484,0.3465980291366577,-0.35956838726997375,0.9998656511306763,0.49922555685043335,0.41995006799697876,-0.3011159300804138,0.9279606342315674,0.41953665018081665,0.41672343015670776,-0.33238378167152405,0.9493485689163208,0.4849424958229065,0.4891715943813324,-0.37606069445610046,0.9063196182250977,0.4559093117713928,0.48279881477355957,-0.4180831015110016,0.9230448007583618,0.4878113865852356,0.510211706161499,-0.4103788435459137,0.872687578201294,0.4556392729282379,0.5084227323532104,-0.45516711473464966,0.8879585266113281,0.48115214705467224,0.5091031193733215,-0.44389796257019043,0.8764968514442444,0.4632245898246765,0.504347026348114,-0.48130589723587036,0.8918736577033997,0.4788103997707367,0.499645859003067,-0.3900812566280365,0.8567417860031128,0.46224766969680786,0.498565137386322,-0.4288749098777771,0.864708423614502,0.4905363917350769,0.4733697772026062,0.0039910427294671535,0.9997699856758118,0.43440762162208557,0.47538691759109497,-0.003950376994907856,0.9996718168258667,0.5228750705718994,0.5864158272743225,-0.04943736270070076,0.9840456247329712,0.4039972424507141,0.5878933668136597,-0.0458693653345108,0.9918926954269409,0.537914514541626,0.6919978857040405,0.08387091755867004,0.989456295967102,0.3734084665775299,0.6876369118690491,0.10946180671453476,0.991546630859375,0.5319768786430359,0.7052685022354126,0.08877795934677124,0.8951066136360168,0.3757503628730774,0.7028220295906067,0.11659924685955048,0.8694767951965332,0.5484085083007812,0.726037859916687,-0.07006959617137909,0.9838684797286987,0.3584640920162201,0.7184944152832031,-0.038509707897901535,0.983987033367157
30,0.46599283814430237,0.3157878518104553,-0.6546007394790649,0.9998714923858643,0.47065502405166626,0.30566346645355225,-0.6446943283081055,0.9997209906578064,0.4743409752845764,0.3053351640701294,-0.6447280049324036,0.9996524453163147,0.47778138518333435,0.3047674596309662,-0.644771933555603,0.9997323155403137,0.45978230237960815,0.30540817975997925,-0.6449688673019409,0.9997361302375793,0.4560113847255707,0.30348560214042664,-0.6450799107551575,0.9996728897094727,0.4519835412502289,0.3028792142868042,-0.6450810432434082,0.9997206926345825,0.48121413588523865,0.3014296293258667,-0.5104970335960388,0.9991276860237122,0.446424663066864,0.303317666053772,-0.5122955441474915,0.9992638230323792,0.4728948175907135,0.3246249258518219,-0.5975071787834167,0.9996599555015564,0.45936083793640137,0.3246626555919647,-0.5981760025024414,0.9995965957641602,0.5099831819534302,0.3417409658432007,-0.35877448320388794,0.9998419880867004,0.4186623990535736,0.3469296097755432,-0.3618621230125427,0.9998723864555359,0.4994482398033142,0.4211147427558899,-0.3115091621875763,0.9326114058494568,0.4226473867893219,0.42119961977005005,-0.3402448892593384,0.9499741792678833,0.48817434906959534,0.4889335036277771,-0.3894556760787964,0.9112526774406433,0.4578620493412018,0.4899669587612152,-0.4388042986392975,0.9246259331703186,0.49045616388320923,0.5140290856361389,-0.42487993836402893,0.8781838417053223,0.458729088306427,0.5112000703811646,-0.4773436188697815,0.8901292681694031,0.4844512343406677,0.5102421045303345,-0.45927801728248596,0.8818740844726562,0.4672032296657562,0.5120888948440552,-0.5030408501625061,0.8940080404281616,0.4825316071510315,0.5034165382385254,-0.4037650227546692,0.8622342944145203,0.465817391872406,0.5015104413032532,-0.44957461953163147,0.8669350743293762,0.4903554320335388,0.47314947843551636,0.00010606429714243859,0.9997732639312744,0.4335024356842041,0.47541332244873047,-6.61360245430842e-05,0.9996705055236816,0.5231572985649109,0.5803475975990295,-0.11460356414318085,0.9851765632629395,0.4018469750881195,0.5887609720230103,-0.04246988892555237,0.9919810891151428,0.5400457382202148,0.6831204891204834,0.029652372002601624,0.990027666091919,0.37422850728034973,0.6862205266952515,0.14063036441802979,0.9917004704475403,0.5346535444259644,0.7002459168434143,0.035427309572696686,0.8980669379234314,0.3775649964809418,0.7011860609054565,0.150004044175148,0.8710353970527649,0.5484817624092102,0.7216637134552002,-0.1334691345691681,0.9845990538597107,0.356827974319458,0.7151274681091309,-0.009727153927087784,0.9842885732650757
31,0.46432772278785706,0.31417638063430786,-0.6187857985496521,0.9998688697814941,0.46924343705177307,0.3027414083480835,-0.6097053289413452,0.9997119307518005,0.4727514684200287,0.3022962808609009,-0.6097434759140015,0.9996418356895447,0.47644537687301636,0.30160969495773315,-0.6097902655601501,0.9997241497039795,0.4585777223110199,0.3028672933578491,-0.6096093654632568,0.9997279047966003,0.4545155167579651,0.30244866013526917,-0.6097183227539062,0.9996626377105713,0.451185941696167,0.30190736055374146,-0.6097292900085449,0.9997121095657349,0.4798961281776428,0.30002114176750183,-0.481757789850235,0.9991007447242737,0.44602346420288086,0.3025926947593689,-0.48124799132347107,0.9992392063140869,0.4720967411994934,0.321431428194046,-0.5640153884887695,0.9996578097343445,0.45834606885910034,0.3218258023262024,-0.5640007853507996,0.9995940923690796,0.510430097579956,0.34135621786117554,-0.33427417278289795,0.9998500347137451,0.41868454217910767,0.3474401831626892,-0.34039366245269775,0.9998763799667358,0.5009187459945679,0.4166727066040039,-0.2871370017528534,0.9359521865844727,0.42220550775527954,0.41829997301101685,-0.317973256111145,0.9494461417198181,0.48790961503982544,0.48687800765037537,-0.3623996078968048,0.9143182039260864,0.44881945848464966,0.48256856203079224,-0.4130637049674988,0.9243463277816772,0.4894440770149231,0.5079475045204163,-0.39550110697746277,0.8811944127082825,0.45669251680374146,0.5079489350318909,-0.45040613412857056,0.8899629712104797,0.4835808277130127,0.5076272487640381,-0.4295419156551361,0.8848754167556763,0.4647325873374939,0.5041979551315308,-0.47604900598526,0.89396733045578,0.4814233183860779,0.49798011779785156,-0.37647610902786255,0.8650934100151062,0.4636150300502777,0.4937226176261902,-0.423924058675766,0.8668522834777832,0.49045664072036743,0.47455304861068726,0.0021343540865927935,0.9997655153274536,0.4341603219509125,0.475766122341156,-0.0020984553266316652,0.9996570944786072,0.5219951868057251,0.5843703150749207,-0.07476256042718887,0.9860262274742126,0.40328913927078247,0.5917487144470215,-0.04452015087008476,0.9919953346252441,0.5384538769721985,0.6895081996917725,0.06229246407747269,0.9903315305709839,0.3720662593841553,0.688992440700531,0.11499239504337311,0.9916941523551941,0.533027172088623,0.7018033266067505,0.06764108687639236,0.8985059261322021,0.37454649806022644,0.7023518085479736,0.12245362997055054,0.8703973293304443,0.549444317817688,0.7229717969894409,-0.09219080954790115,0.9848768711090088,0.3585718870162964,0.7169352769851685,-0.03280295059084892,0.984264612197876
32,0.46248117089271545,0.3158109784126282,-0.6521228551864624,0.9998721480369568,0.46748852729797363,0.304564893245697,-0.6423198580741882,0.9997158646583557,0.4712343215942383,0.3040522634983063,-0.642370343208313,0.9996457695960999,0.47509631514549255,0.3032393455505371,-0.6424131393432617,0.999728262424469,0.45671072602272034,0.30441951751708984,-0.6417660713195801,0.9997326135635376,0.4528418481349945,0.3038119077682495,-0.6418620347976685,0.9996677041053772,0.4496317505836487,0.30307382345199585,-0.6418671011924744,0.999717116355896,0.4789000451564789,0.3017725348472595,-0.5106603503227234,0.999107837677002,0.44516974687576294,0.30383116006851196,-0.5081949234008789,0.9992461204528809,0.4703275263309479,0.3228791654109955,-0.5962032675743103,0.9996677041053772,0.45686569809913635,0.32337480783462524,-0.5956340432167053,0.9996053576469421,0.5104254484176636,0.34236836433410645,-0.36285534501075745,0.9998583793640137,0.41950827836990356,0.34758615493774414,-0.361770898103714,0.9998816847801208,0.5010075569152832,0.4226168692111969,-0.3224910497665405,0.9401854872703552,0.4286843240261078,0.42463698983192444,-0.34885767102241516,0.9506025910377502,0.48901838064193726,0.4881194233894348,-0.398017019033432,0.9191203713417053,0.4597473740577698,0.48959827423095703,-0.4546617865562439,0.9269714951515198,0.4903329908847809,0.5100927352905273,-0.433684766292572,0.8864818215370178,0.46716365218162537,0.5106760263442993,-0.4954797625541687,0.8933567404747009,0.48539358377456665,0.5091624855995178,-0.4668869078159332,0.8900265693664551,0.47415265440940857,0.5104963183403015,-0.5185170769691467,0.8972735404968262,0.4832994043827057,0.4990031123161316,-0.4118195176124573,0.8704920411109924,0.47296470403671265,0.5005449652671814,-0.46478375792503357,0.8706768751144409,0.489970862865448,0.47404056787490845,-0.000792139966506511,0.9997669458389282,0.4339844584465027,0.47469648718833923,0.0008472212357446551,0.9996575117111206,0.5222828984260559,0.5785172581672668,-0.10826687514781952,0.9869558215141296,0.4023067355155945,0.588521420955658,-0.05517812445759773,0.9921473860740662,0.5379207730293274,0.6858680844306946,0.03716076910495758,0.9907708764076233,0.373779296875,0.6871148347854614,0.12003938853740692,0.9918844103813171,0.5314124822616577,0.7017232179641724,0.043007269501686096,0.8999249935150146,0.3764600157737732,0.7016463279724121,0.12860433757305145,0.8707146048545837,0.5492861270904541,0.717801570892334,-0.12371940910816193,0.9854314923286438,0.35649028420448303,0.7171047925949097,-0.03167686611413956,0.9845933318138123
33,0.46330541372299194,0.3098578453063965,-0.5721640586853027,0.9998660087585449,0.46852001547813416,0.3009188175201416,-0.5635603666305542,0.9997008442878723,0.47194069623947144,0.3004547357559204,-0.5636147260665894,0.9996273517608643,0.4759412407875061,0.2997654378414154,-0.563676118850708,0.9997143745422363,0.45853790640830994,0.30085769295692444,-0.5631012916564941,0.9997171759605408,0.4553443491458893,0.3003356158733368,-0.5632001161575317,0.9996479749679565,0.4515511989593506,0.29969650506973267,-0.5632086396217346,0.9997007250785828,0.4794256091117859,0.2982790470123291,-0.4411605894565582,0.9990735054016113,0.44692739844322205,0.3009771704673767,-0.44001084566116333,0.9992056488990784,0.4712609648704529,0.3187873363494873,-0.5197436809539795,0.9996609091758728,0.4581727087497711,0.31937986612319946,-0.5195342898368835,0.9995966553688049,0.5107779502868652,0.33975517749786377,-0.30948495864868164,0.9998643398284912,0.4198382794857025,0.3444351553916931,-0.3036952614784241,0.9998840689659119,0.4998268187046051,0.4159974157810211,-0.26510950922966003,0.942818820476532,0.4233226776123047,0.41602468490600586,-0.28183531761169434,0.9492882490158081,0.4859291911125183,0.48676905035972595,-0.33413946628570557,0.9218767881393433,0.45009785890579224,0.48156827688217163,-0.3779256045818329,0.9267394542694092,0.4876115918159485,0.5079969763755798,-0.366802453994751,0.8893425464630127,0.45683422684669495,0.5064855813980103,-0.4146842360496521,0.8933115601539612,0.48201674222946167,0.5075854659080505,-0.3994534909725189,0.8929277658462524,0.45843592286109924,0.5028365850448608,-0.43984031677246094,0.8973982334136963,0.47998613119125366,0.49754828214645386,-0.3474525809288025,0.8734939098358154,0.46489161252975464,0.49273329973220825,-0.3887473940849304,0.8710402846336365,0.4912096858024597,0.4745887219905853,-0.0037919566966593266,0.9997579455375671,0.4355323314666748,0.47635960578918457,0.003786451416090131,0.9996419548988342,0.5226409435272217,0.5871402621269226,-0.06641598790884018,0.9876601696014404,0.40028828382492065,0.5956195592880249,-0.03250819444656372,0.9920634627342224,0.5389215350151062,0.6887205839157104,0.0657835602760315,0.9909956455230713,0.37434500455856323,0.6889673471450806,0.12913358211517334,0.9917632937431335,0.5291686654090881,0.7079116702079773,0.07097114622592926,0.8989817500114441,0.37819790840148926,0.7021634578704834,0.1371220350265503,0.8686823844909668,0.5479227900505066,0.725105881690979,-0.08564964681863785,0.9855719208717346,0.355307400226593,0.7177053093910217,-0.012296180240809917,0.9843378663063049
34,0.4612857699394226,0.31810835003852844,-0.661074161529541,0.9998655319213867,0.46686848998069763,0.3077889680862427,-0.6532140970230103,0.9996971487998962,0.4706903100013733,0.30734941363334656,-0.6532533168792725,0.9996238946914673,0.47452372312545776,0.3066808581352234,-0.6532945036888123,0.9997118711471558,0.45571255683898926,0.3074449598789215,-0.652625322341919,0.9997148513793945,0.4517989754676819,0.30679935216903687,-0.6527456045150757,0.9996452331542969,0.44857972860336304,0.3060574233531952,-0.6527572274208069,0.9996985197067261,0.47793301939964294,0.3031235635280609,-0.5228937864303589,0.9990622997283936,0.4437101483345032,0.30519312620162964,-0.520663321018219,0.9991962909698486,0.46922630071640015,0.32660505175590515,-0.6046760082244873,0.9996613264083862,0.4552225172519684,0.3266075849533081,-0.6041467189788818,0.9995964169502258,0.5095996260643005,0.34141579270362854,-0.3704635202884674,0.9998709559440613,0.41863569617271423,0.34634241461753845,-0.3682164251804352,0.9998883008956909,0.500200092792511,0.4173566699028015,-0.3200952112674713,0.945643424987793,0.42944440245628357,0.4186106324195862,-0.3444676399230957,0.9490996599197388,0.4845460057258606,0.4877622723579407,-0.3893038332462311,0.9245364665985107,0.45884475111961365,0.48712238669395447,-0.4411225914955139,0.9268202185630798,0.4848262369632721,0.5081604719161987,-0.42330464720726013,0.8922362327575684,0.45994630455970764,0.508668065071106,-0.4797746539115906,0.8936078548431396,0.48162299394607544,0.5077818036079407,-0.45752525329589844,0.8957507014274597,0.4675114154815674,0.510230541229248,-0.5052884817123413,0.8977524638175964,0.4775454103946686,0.497999370098114,-0.4030977189540863,0.8761589527130127,0.4665674567222595,0.4993607997894287,-0.4518129229545593,0.8712937235832214,0.49147695302963257,0.47312793135643005,-0.0014034026535227895,0.999748706817627,0.4344804883003235,0.474843829870224,0.00142485904507339,0.9996278285980225,0.5212319493293762,0.5866026878356934,-0.07274084538221359,0.9883162379264832,0.4022081792354584,0.5882421731948853,-0.04169272631406784,0.9920508861541748,0.5404798984527588,0.6823278665542603,0.06458576768636703,0.9912154674530029,0.3736138343811035,0.6894009709358215,0.12100552022457123,0.9917281270027161,0.5354945659637451,0.7013161182403564,0.07021082937717438,0.899181067943573,0.37482357025146484,0.7048963308334351,0.12899841368198395,0.8679700493812561,0.5492466688156128,0.7258672118186951,-0.09166272729635239,0.9857725501060486,0.356388658285141,0.7205151319503784,-0.027695659548044205,0.9842689633369446
35,0.463160902261734,0.30978962779045105,-0.5977925658226013,0.9998596906661987,0.46828263998031616,0.30088186264038086,-0.5874632000923157,0.9996819496154785,0.4720429480075836,0.30042845010757446,-0.5874955058097839,0.999606728553772,0.4755116403102875,0.2998506426811218,-0.5875251889228821,0.9996968507766724,0.45838040113449097,0.3013507127761841,-0.5882704854011536,0.999701738357544,0.45521336793899536,0.3011477589607239,-0.588371217250824,0.9996315240859985,0.4511599540710449,0.30087244510650635,-0.5883937478065491,0.9996865391731262,0.47985324263572693,0.299010306596756,-0.45785656571388245,0.9990106821060181,0.44652193784713745,0.30223697423934937,-0.46215540170669556,0.9991613030433655,0.4699365198612213,0.31890204548835754,-0.5428977012634277,0.9996410012245178,0.45761317014694214,0.31960660219192505,-0.5442265868186951,0.9995788931846619,0.5102485418319702,0.3414157032966614,-0.3148808181285858,0.9998717308044434,0.4186108708381653,0.34610021114349365,-0.32541322708129883,0.9998903870582581,0.4968510568141937,0.420902818441391,-0.2640731632709503,0.9471205472946167,0.42166751623153687,0.41704994440078735,-0.30195480585098267,0.9487046599388123,0.48654904961586,0.4882521629333496,-0.33632901310920715,0.9259144067764282,0.447049081325531,0.48091059923171997,-0.393943190574646,0.9262751936912537,0.4868987202644348,0.508041501045227,-0.3678499460220337,0.8933130502700806,0.44917336106300354,0.5045782923698425,-0.4299388825893402,0.8927419781684875,0.4837036728858948,0.50738126039505,-0.4021992087364197,0.8969305157661438,0.45804157853126526,0.5018659830093384,-0.4563142657279968,0.8971431851387024,0.48175445199012756,0.4981144964694977,-0.3505403399467468,0.877342700958252,0.45986613631248474,0.49346408247947693,-0.4049597680568695,0.8709343671798706,0.4900663495063782,0.47097086906433105,0.006015851628035307,0.9997296929359436,0.4335497319698334,0.47165799140930176,-0.0059931012801826,0.9996116161346436,0.5204569697380066,0.5807045102119446,-0.03715604916214943,0.9886966347694397,0.40462344884872437,0.5837762951850891,-0.049434974789619446,0.9920990467071533,0.5395028591156006,0.6827284693717957,0.10035034269094467,0.991081714630127,0.3751268684864044,0.6854135990142822,0.08721550554037094,0.9916346669197083,0.5336898565292358,0.6993227601051331,0.10643310844898224,0.895438551902771,0.3759949803352356,0.7002308964729309,0.0929953083395958,0.8645121455192566,0.5538105964660645,0.7153820395469666,-0.040328629314899445,0.985395610332489,0.36148902773857117,0.7170475721359253,-0.05780832841992378,0.9839996099472046
36,0.4612540602684021,0.3093903064727783,-0.6393285989761353,0.9998645186424255,0.4662076532840729,0.3002365231513977,-0.6281548738479614,0.9996909499168396,0.46985363960266113,0.29972130060195923,-0.6281991004943848,0.9996180534362793,0.47364693880081177,0.299052357673645,-0.6282281875610352,0.9997062683105469,0.45582786202430725,0.30080997943878174,-0.629520833492279,0.999710202217102,0.45206403732299805,0.30077826976776123,-0.6296111941337585,0.9996417164802551,0.44888538122177124,0.300536572933197,-0.6296103000640869,0.9996954798698425,0.4770662784576416,0.2994764745235443,-0.49491482973098755,0.9990324974060059,0.4433739185333252,0.30331623554229736,-0.5005254745483398,0.9991821646690369,0.46859878301620483,0.31879013776779175,-0.5832580924034119,0.9996525049209595,0.45541515946388245,0.31977593898773193,-0.5849630832672119,0.999591588973999,0.5082439184188843,0.34054863452911377,-0.34351614117622375,0.9998781085014343,0.41678470373153687,0.3509291410446167,-0.36593562364578247,0.9998945593833923,0.49936971068382263,0.4217962324619293,-0.3026140034198761,0.9498122334480286,0.42405563592910767,0.4268064498901367,-0.35559019446372986,0.9509005546569824,0.49012860655784607,0.49238353967666626,-0.387065052986145,0.9293423891067505,0.4589432179927826,0.49036234617233276,-0.4574523866176605,0.9298994541168213,0.4919985830783844,0.5144096612930298,-0.4222589135169983,0.8972717523574829,0.4644394814968109,0.5126124024391174,-0.49948471784591675,0.8975095152854919,0.48855072259902954,0.5139291286468506,-0.457939088344574,0.9008328914642334,0.4715956747531891,0.5103552341461182,-0.5230631828308105,0.9017946720123291,0.484577476978302,0.5043842196464539,-0.40236878395080566,0.8816415667533875,0.4708961844444275,0.5002833604812622,-0.4678731858730316,0.876492440700531,0.48904985189437866,0.47075456380844116,0.0069193532690405846,0.9997323155403137,0.43484991788864136,0.47183161973953247,-0.006852712482213974,0.9996182918548584,0.5202322602272034,0.5765042901039124,-0.0672527402639389,0.9891813397407532,0.40495365858078003,0.5877351760864258,-0.06265396624803543,0.992250919342041,0.5381176471710205,0.679806113243103,0.0796055868268013,0.9911123514175415,0.3741549849510193,0.6849867105484009,0.09551464766263962,0.9916925430297852,0.5311104655265808,0.6979743242263794,0.08614584803581238,0.8936586976051331,0.37596559524536133,0.6974110007286072,0.10288987308740616,0.8622928857803345,0.5537751913070679,0.7121787071228027,-0.06870641559362411,0.985389232635498,0.3615286946296692,0.7151350975036621,-0.05243675038218498,0.9840764999389648
37,0.462822824716568,0.30850470066070557,-0.6881077289581299,0.9998685121536255,0.4680419862270355,0.2993430495262146,-0.6776278614997864,0.9996976256370544,0.471802294254303,0.2989506125450134,-0.6776723861694336,0.9996272921562195,0.47522711753845215,0.2984767556190491,-0.6776971817016602,0.9997131824493408,0.4577520489692688,0.2999516725540161,-0.6794428825378418,0.9997175931930542,0.454362154006958,0.2998984456062317,-0.6795645356178284,0.9996514320373535,0.45027804374694824,0.29981231689453125,-0.6795756220817566,0.999703586101532,0.478611558675766,0.2991195023059845,-0.5400509834289551,0.9990498423576355,0.4454544484615326,0.30235397815704346,-0.5479417443275452,0.9992081522941589,0.4695292115211487,0.31831735372543335,-0.6295802593231201,0.9996635317802429,0.45703643560409546,0.3189494013786316,-0.6319538354873657,0.9996057152748108,0.5086854696273804,0.34241926670074463,-0.37533053755760193,0.999884843826294,0.4169575273990631,0.35067158937454224,-0.4004250466823578,0.999900221824646,0.4993826448917389,0.4244104027748108,-0.325137197971344,0.9519708156585693,0.4284166395664215,0.4267653524875641,-0.38505667448043823,0.952472448348999,0.4901108145713806,0.49339014291763306,-0.40456312894821167,0.9316627979278564,0.46286147832870483,0.4898122251033783,-0.4829976558685303,0.9323820471763611,0.492302805185318,0.5149158835411072,-0.439818799495697,0.8998967409133911,0.4644402861595154,0.5113347768783569,-0.5257037281990051,0.900962233543396,0.48895710706710815,0.5143717527389526,-0.47658294439315796,0.9034222960472107,0.47167453169822693,0.5091612339019775,-0.5507013201713562,0.9051772356033325,0.48485738039016724,0.5047646164894104,-0.4201156497001648,0.8843363523483276,0.47093409299850464,0.49963441491127014,-0.4936679005622864,0.8804552555084229,0.4877093434333801,0.47101274132728577,0.006357395555824041,0.9997356534004211,0.4333990216255188,0.4713820517063141,-0.00630612950772047,0.9996228814125061,0.5173279643058777,0.5823553800582886,-0.04817061871290207,0.9894977807998657,0.4045235514640808,0.5848910808563232,-0.054132454097270966,0.9921100735664368,0.5395234823226929,0.6869621872901917,0.09106848388910294,0.991128146648407,0.37390458583831787,0.6864864826202393,0.10959683358669281,0.9914162158966064,0.5326657891273499,0.7066831588745117,0.09619086235761642,0.8917723894119263,0.37460681796073914,0.699012279510498,0.1172810047864914,0.8582172393798828,0.5544050335884094,0.717926025390625,-0.06545443087816238,0.9852856993675232,0.361200213432312,0.7159132957458496,-0.03958689793944359,0.9836411476135254
38,0.4602716565132141,0.31087440252304077,-0.6897943019866943,0.9998724460601807,0.4655919671058655,0.2993595004081726,-0.6806204915046692,0.9997055530548096,0.4695708155632019,0.2987545132637024,-0.6806768774986267,0.9996387362480164,0.4732631742954254,0.2980459928512573,-0.6807130575180054,0.999721884727478,0.4541335701942444,0.3002115488052368,-0.679839551448822,0.9997243285179138,0.4509543478488922,0.3000943064689636,-0.6799562573432922,0.9996599555015564,0.44775843620300293,0.2998225688934326,-0.679955780506134,0.9997103214263916,0.4774084985256195,0.29835623502731323,-0.5461195111274719,0.9990779757499695,0.4426991939544678,0.3020595610141754,-0.541936457157135,0.9992300271987915,0.4682247042655945,0.3178321123123169,-0.6322526931762695,0.9996746182441711,0.45438918471336365,0.32011425495147705,-0.6311188340187073,0.9996167421340942,0.5089423656463623,0.340645968914032,-0.38699743151664734,0.9998911619186401,0.4163135886192322,0.3519875705242157,-0.3879719376564026,0.9999035000801086,0.4996086657047272,0.42113152146339417,-0.34329354763031006,0.9542254209518433,0.4254395365715027,0.42904210090637207,-0.376415491104126,0.9532075524330139,0.48965540528297424,0.48826390504837036,-0.4241325259208679,0.9337777495384216,0.4571443200111389,0.4898175299167633,-0.48695507645606995,0.9341833591461182,0.491476446390152,0.5141695737838745,-0.45947885513305664,0.9022859930992126,0.46321219205856323,0.5076674818992615,-0.5302466750144958,0.9035307168960571,0.48818913102149963,0.5092456340789795,-0.49593597650527954,0.9057779312133789,0.46976202726364136,0.5083188414573669,-0.555026650428772,0.9077442288398743,0.48447027802467346,0.5037990808486938,-0.4391968846321106,0.8867263197898865,0.4693898558616638,0.4989948868751526,-0.49812406301498413,0.8835009932518005,0.4900816082954407,0.4729596674442291,-0.002067214110866189,0.9997321963310242,0.43470826745033264,0.47332197427749634,0.00212492817081511,0.9996159672737122,0.5200504660606384,0.5900529026985168,-0.05289266258478165,0.9899880886077881,0.4056524336338043,0.5882844924926758,-0.04676641896367073,0.9920822381973267,0.5391680598258972,0.6916762590408325,0.08368789404630661,0.9912707805633545,0.37347379326820374,0.685594916343689,0.12051819264888763,0.9912132024765015,0.5363979339599609,0.7103708386421204,0.08867582678794861,0.8904976844787598,0.37640753388404846,0.6965336799621582,0.1287771761417389,0.8547694087028503,0.5496783256530762,0.7278941869735718,-0.0771477147936821,0.9853549003601074,0.36166244745254517,0.7165299654006958,-0.028157437220215797,0.983296811580658
39,0.4600169062614441,0.3078366816043854,-0.6411740779876709,0.9998682737350464,0.4660828709602356,0.2983620762825012,-0.6312177181243896,0.9996969103813171,0.4698168635368347,0.2979270815849304,-0.6312577724456787,0.9996297955513,0.4738583564758301,0.29739296436309814,-0.6312955021858215,0.9997137188911438,0.45521479845046997,0.29889482259750366,-0.6304560899734497,0.999717116355896,0.45113667845726013,0.2987920343875885,-0.6305824518203735,0.9996523261070251,0.44782334566116333,0.2983832359313965,-0.6306087374687195,0.9997032284736633,0.47801536321640015,0.2973397970199585,-0.49815577268600464,0.9990496039390564,0.44317397475242615,0.30005407333374023,-0.494712769985199,0.999211847782135,0.4681265354156494,0.317918598651886,-0.5845305323600769,0.9996631741523743,0.45446139574050903,0.3186960816383362,-0.5836344957351685,0.9996036887168884,0.5104767084121704,0.3416810631752014,-0.3489868938922882,0.9998913407325745,0.4157809317111969,0.3487205505371094,-0.34857091307640076,0.999902606010437,0.5007342100143433,0.4211816191673279,-0.30448225140571594,0.9545613527297974,0.42205435037612915,0.42118725180625916,-0.3302740752696991,0.9511309862136841,0.4864528775215149,0.48619943857192993,-0.384592205286026,0.9330145716667175,0.44688138365745544,0.4855668544769287,-0.43420401215553284,0.9308569431304932,0.48570185899734497,0.5057712197303772,-0.41927284002304077,0.9011180996894836,0.4558897614479065,0.5027956962585449,-0.47319889068603516,0.8996268510818481,0.48207372426986694,0.5004194378852844,-0.4534793794155121,0.9046814441680908,0.46591082215309143,0.5030493140220642,-0.49960508942604065,0.9040866494178772,0.48093360662460327,0.4956544041633606,-0.39882421493530273,0.8851352334022522,0.4626741409301758,0.49465399980545044,-0.4455661177635193,0.8793251514434814,0.49139007925987244,0.47564324736595154,0.0005393189494498074,0.9997200965881348,0.43371009826660156,0.4741683900356293,-0.0004984879633411765,0.9995967745780945,0.5187593698501587,0.5882869958877563,-0.05342026799917221,0.9902521371841431,0.4024661183357239,0.5879573822021484,-0.039176493883132935,0.9919229745864868,0.5392982959747314,0.6908647418022156,0.08592283725738525,0.9912000894546509,0.3738124668598175,0.6872429847717285,0.11856333166360855,0.9908778071403503,0.5342096090316772,0.7121891975402832,0.09174363315105438,0.8887893557548523,0.37396323680877686,0.7030612230300903,0.12631499767303467,0.8514358401298523,0.5478551387786865,0.727466344833374,-0.06789736449718475,0.9851217865943909,0.3597744405269623,0.7200109958648682,-0.028464877977967262,0.982745349407196
40,0.4595585763454437,0.31140846014022827,-0.6166492104530334,0.9998673796653748,0.4659558832645416,0.30198052525520325,-0.6072207689285278,0.999693751335144,0.4700140953063965,0.3016255497932434,-0.6072565913200378,0.9996269941329956,0.4736393988132477,0.29875168204307556,-0.6072709560394287,0.9997116327285767,0.4545646607875824,0.30219388008117676,-0.6051346659660339,0.9997127652168274,0.4508123993873596,0.30193108320236206,-0.6052297353744507,0.9996472001075745,0.4475887417793274,0.30155670642852783,-0.6052478551864624,0.9996996521949768,0.4780304431915283,0.2988477349281311,-0.47952237725257874,0.9990288615226746,0.44356265664100647,0.3032039403915405,-0.46957483887672424,0.9991912841796875,0.4679827094078064,0.32038426399230957,-0.5624915957450867,0.9996535778045654,0.4534488320350647,0.32054489850997925,-0.5596727728843689,0.9995912909507751,0.5095781087875366,0.34120985865592957,-0.3416287302970886,0.9998936057090759,0.4163786470890045,0.34814393520355225,-0.32862305641174316,0.9999033212661743,0.499098002910614,0.4203706383705139,-0.3054720163345337,0.9567330479621887,0.4221305251121521,0.4189233183860779,-0.3083397150039673,0.9513847827911377,0.48214346170425415,0.4855310320854187,-0.3816855251789093,0.9353398680686951,0.4471258521080017,0.4862113893032074,-0.4090408682823181,0.9311550259590149,0.48222416639328003,0.5070257782936096,-0.41709908843040466,0.903495728969574,0.4562358260154724,0.5049052238464355,-0.4477578103542328,0.8994338512420654,0.4757325053215027,0.5021296739578247,-0.4487808346748352,0.9069232940673828,0.465975284576416,0.5053796172142029,-0.4723554253578186,0.9039576649665833,0.47419387102127075,0.4961867928504944,-0.3948558568954468,0.8875365257263184,0.4619637131690979,0.4964302182197571,-0.4199848771095276,0.8794417977333069,0.4905642569065094,0.47433608770370483,-0.0005491066840477288,0.9997148513793945,0.43372273445129395,0.4748683571815491,0.000588005525059998,0.9995932579040527,0.5205904245376587,0.5892837047576904,-0.043886948376894,0.9905225038528442,0.405122846364975,0.5867364406585693,-0.044933319091796875,0.9919806122779846,0.5410952568054199,0.6871200203895569,0.09736453741788864,0.9911758899688721,0.3752247095108032,0.6850858926773071,0.10477142035961151,0.9908364415168762,0.5360832214355469,0.7050901651382446,0.10360603034496307,0.8868369460105896,0.3759535253047943,0.6984350681304932,0.11185512691736221,0.8496649265289307,0.5540907979011536,0.7212611436843872,-0.049110863357782364,0.9850268959999084,0.3594975173473358,0.7185065150260925,-0.039572544395923615,0.9826744198799133
41,0.4606320261955261,0.30686303973197937,-0.7014347910881042,0.999873697757721,0.46660494804382324,0.29721155762672424,-0.6915809512138367,0.9997062087059021,0.4702654480934143,0.29673951864242554,-0.6916407346725464,0.9996416568756104,0.47422799468040466,0.2961799204349518,-0.6916807889938354,0.9997237324714661,0.4565122723579407,0.2975478172302246,-0.692171573638916,0.9997246861457825,0.4527764916419983,0.2973482608795166,-0.6922871470451355,0.9996605515480042,0.4496857523918152,0.29688072204589844,-0.6922963857650757,0.9997119307518005,0.47879189252853394,0.29290571808815,-0.5541728138923645,0.9990667700767517,0.44503268599510193,0.29597195982933044,-0.5564380288124084,0.999224066734314,0.4681769907474518,0.31599971652030945,-0.6428964734077454,0.9996699690818787,0.45467567443847656,0.3170270323753357,-0.6437095999717712,0.999610960483551,0.5089935064315796,0.33900898694992065,-0.39292147755622864,0.9998986721038818,0.41584914922714233,0.3456740379333496,-0.40646761655807495,0.9999078512191772,0.4982292652130127,0.4190649092197418,-0.34896454215049744,0.9587688446044922,0.4234854280948639,0.42006534337997437,-0.3886757791042328,0.9527643322944641,0.48158782720565796,0.4870682656764984,-0.4255421757698059,0.937813401222229,0.45670971274375916,0.48671954870224,-0.48737025260925293,0.9333396553993225,0.4829217791557312,0.5081267952919006,-0.46219348907470703,0.9064785242080688,0.46441879868507385,0.5054807662963867,-0.5309537053108215,0.9023467302322388,0.4770020842552185,0.506690263748169,-0.49679023027420044,0.9097681045532227,0.47025585174560547,0.5028939843177795,-0.5547340512275696,0.9067084193229675,0.47488880157470703,0.4977847933769226,-0.4400738775730133,0.890572190284729,0.4685128331184387,0.4973112940788269,-0.4977385401725769,0.8825886845588684,0.4876340925693512,0.4697078764438629,0.0048676747828722,0.9997199773788452,0.4314331114292145,0.4692503809928894,-0.004829890560358763,0.9996063113212585,0.5215005278587341,0.5847645998001099,-0.04855847731232643,0.9907623529434204,0.40242061018943787,0.5844778418540955,-0.06333721429109573,0.9921509623527527,0.5417683124542236,0.6808094382286072,0.13391755521297455,0.9911475777626038,0.3752300441265106,0.6860021352767944,0.12796136736869812,0.9910218119621277,0.5375208258628845,0.6939460039138794,0.14344817399978638,0.8854964375495911,0.37641698122024536,0.7003021240234375,0.13807614147663116,0.8507273197174072,0.5571689009666443,0.7147369384765625,-0.015034017153084278,0.9848814010620117,0.36067014932632446,0.7179993391036987,-0.022720398381352425,0.9829033613204956
42,0.4620906710624695,0.29729557037353516,-0.686059832572937,0.9998776912689209,0.46840620040893555,0.2876102924346924,-0.6758063435554504,0.9997135996818542,0.4719541668891907,0.2873044013977051,-0.6758712530136108,0.9996508359909058,0.4762423038482666,0.2869596779346466,-0.6759093403816223,0.9997312426567078,0.4580514430999756,0.28846311569213867,-0.6761677265167236,0.9997316002845764,0.4540277421474457,0.2887985110282898,-0.6762799024581909,0.9996683597564697,0.45099377632141113,0.28884756565093994,-0.6762897372245789,0.9997192025184631,0.47970372438430786,0.288702130317688,-0.5385845899581909,0.9990904927253723,0.4448257088661194,0.29320114850997925,-0.5399037003517151,0.9992431998252869,0.4699711203575134,0.3065250813961029,-0.6277890205383301,0.9996787905693054,0.4560779631137848,0.3080228567123413,-0.628324568271637,0.9996215105056763,0.5097329616546631,0.33796781301498413,-0.3828928470611572,0.9999015927314758,0.4160762429237366,0.34397923946380615,-0.39078518748283386,0.9999096393585205,0.49859875440597534,0.4191010892391205,-0.33974891901016235,0.9604567885398865,0.4201914668083191,0.41981443762779236,-0.36772263050079346,0.9534448385238647,0.47795113921165466,0.48436108231544495,-0.41635340452194214,0.9396724104881287,0.4528465270996094,0.4836816191673279,-0.4614925980567932,0.934679388999939,0.4789106249809265,0.5049529075622559,-0.45333200693130493,0.9084928631782532,0.45246070623397827,0.5039708018302917,-0.5033451914787292,0.9041590094566345,0.4724089503288269,0.5040108561515808,-0.48662757873535156,0.9116936922073364,0.46040982007980347,0.5057953000068665,-0.5300511121749878,0.9085084795951843,0.47034257650375366,0.4947338104248047,-0.43037113547325134,0.8926273584365845,0.4650699198246002,0.4972911775112152,-0.473024845123291,0.8848434090614319,0.4870687425136566,0.4668692946434021,0.0033454247750341892,0.999718964099884,0.42959505319595337,0.46570006012916565,-0.0032947801519185305,0.9996095299720764,0.5209029316902161,0.5836029052734375,-0.04098338261246681,0.990959882736206,0.40306320786476135,0.5837798118591309,-0.054307229816913605,0.9922131896018982,0.5393155813217163,0.682761013507843,0.1273748129606247,0.9911112189292908,0.3743251860141754,0.6836525201797485,0.12941095232963562,0.9910327196121216,0.5359046459197998,0.7004458904266357,0.13555030524730682,0.8833993673324585,0.3761745095252991,0.696485698223114,0.13908377289772034,0.8492748141288757,0.5529944896697998,0.7154988050460815,-0.024469252675771713,0.9847357869148254,0.3606669306755066,0.7173818945884705,-0.020366821438074112,0.9828638434410095
43,0.45971769094467163,0.3046523332595825,-0.665339469909668,0.999883234500885,0.46538060903549194,0.29551711678504944,-0.6558757424354553,0.999724805355072,0.46944373846054077,0.2950317859649658,-0.6559264659881592,0.9996654987335205,0.4734085500240326,0.2943975627422333,-0.6559441685676575,0.999742329120636,0.454324334859848,0.29571032524108887,-0.6549988985061646,0.9997416734695435,0.45111283659935,0.29542478919029236,-0.655098557472229,0.9996809959411621,0.44802045822143555,0.2950703799724579,-0.6551048755645752,0.9997298717498779,0.47854071855545044,0.29426735639572144,-0.5239262580871582,0.9991250038146973,0.44321489334106445,0.29841700196266174,-0.5192129611968994,0.999268651008606,0.4677463173866272,0.31411921977996826,-0.6092732548713684,0.9996902346611023,0.4529321789741516,0.3142431974411011,-0.608009934425354,0.999634325504303,0.5100175142288208,0.34069275856018066,-0.3729907274246216,0.9999055862426758,0.4153360426425934,0.3472304940223694,-0.3718564510345459,0.9999120831489563,0.49834737181663513,0.4209047257900238,-0.32574236392974854,0.9625859260559082,0.4198172986507416,0.42346733808517456,-0.3423040211200714,0.9544315338134766,0.4775664210319519,0.48822999000549316,-0.3941533863544464,0.9422825574874878,0.44337645173072815,0.48896628618240356,-0.4293486475944519,0.9364157319068909,0.4783221185207367,0.5103464126586914,-0.4277419447898865,0.9115939140319824,0.4411159157752991,0.5098274350166321,-0.4673178791999817,0.9062625169754028,0.4745916426181793,0.5093851089477539,-0.4626231789588928,0.9147046208381653,0.45033493638038635,0.5069319009780884,-0.49514859914779663,0.9106394648551941,0.4709204137325287,0.5000062584877014,-0.40855446457862854,0.8961526155471802,0.45058852434158325,0.5010472536087036,-0.4413161873817444,0.8877149224281311,0.48665371537208557,0.4664638638496399,0.002046907087787986,0.9997146129608154,0.42967063188552856,0.4655362069606781,-0.001977035077288747,0.9996094107627869,0.5191803574562073,0.5799739956855774,-0.05152101069688797,0.9911640882492065,0.40347176790237427,0.5845604538917542,-0.05925692245364189,0.9923527836799622,0.5392920970916748,0.6799468994140625,0.10090234130620956,0.9910928606987,0.37726178765296936,0.6816138625144958,0.09908882528543472,0.9911438226699829,0.5372121334075928,0.6951797008514404,0.10813049226999283,0.881192147731781,0.3801746368408203,0.6948044300079346,0.10677681863307953,0.8489436507225037,0.5556797981262207,0.7137912511825562,-0.045383334159851074,0.9846653938293457,0.3580528497695923,0.7159306406974792,-0.047811008989810944,0.9830283522605896
44,0.4616369307041168,0.30698803067207336,-0.6711696982383728,0.9998839497566223,0.4676246643066406,0.29707080125808716,-0.6616873145103455,0.9997252821922302,0.47161275148391724,0.29672902822494507,-0.6617395877838135,0.9996675848960876,0.4756859838962555,0.2961840033531189,-0.6617715954780579,0.9997438192367554,0.4563997685909271,0.29699063301086426,-0.6620349884033203,0.9997416734695435,0.4525383412837982,0.2967369258403778,-0.6621450781822205,0.9996809363365173,0.44919928908348083,0.2964162826538086,-0.6621605157852173,0.9997298717498779,0.4799526631832123,0.2962608337402344,-0.5283517837524414,0.9991313815116882,0.4435458779335022,0.29939067363739014,-0.5296307802200317,0.9992693066596985,0.46927252411842346,0.31702208518981934,-0.6142778396606445,0.999689519405365,0.45489639043807983,0.31657055020332336,-0.6147802472114563,0.9996324181556702,0.5101041197776794,0.3413159251213074,-0.37601011991500854,0.9999067783355713,0.41499561071395874,0.3476622700691223,-0.3811757564544678,0.9999106526374817,0.49810558557510376,0.4218932092189789,-0.3245263695716858,0.9640573859214783,0.4192636013031006,0.42366504669189453,-0.3485322892665863,0.9543946385383606,0.4750139117240906,0.4880886971950531,-0.3878466486930847,0.9437037110328674,0.441946804523468,0.48897314071655273,-0.42521652579307556,0.9362897872924805,0.4756034016609192,0.5089941620826721,-0.4207419455051422,0.9130964279174805,0.4399462342262268,0.5103362202644348,-0.46197718381881714,0.9060343503952026,0.4694899916648865,0.5047589540481567,-0.453761488199234,0.9161801338195801,0.4476982057094574,0.5115941762924194,-0.49011126160621643,0.910575270652771,0.4678031802177429,0.49856051802635193,-0.4014067053794861,0.8979366421699524,0.4488160014152527,0.5011581182479858,-0.43699222803115845,0.8880608081817627,0.4871063828468323,0.46431654691696167,0.003090138081461191,0.9996985197067261,0.42959022521972656,0.4650425314903259,-0.0030467265751212835,0.9995908141136169,0.5182267427444458,0.5768423080444336,-0.03209022060036659,0.9911039471626282,0.4037714898586273,0.5850216746330261,-0.04563368111848831,0.9921920895576477,0.5400854349136353,0.6755527257919312,0.12154923379421234,0.9907369017601013,0.3771108090877533,0.6800457835197449,0.11933378875255585,0.990792989730835,0.5377835631370544,0.6871970295906067,0.1292867511510849,0.876553475856781,0.378464013338089,0.6913268566131592,0.1280379295349121,0.8443860411643982,0.5556492805480957,0.7114601731300354,-0.020894601941108704,0.9840127825737,0.3607887029647827,0.7157436609268188,-0.022995242848992348,0.982353687286377
45,0.4620237946510315,0.2985902726650238,-0.5873826146125793,0.9998875856399536,0.4682234823703766,0.289745032787323,-0.5762242674827576,0.9997329115867615,0.47216540575027466,0.2894420027732849,-0.5762868523597717,0.9996769428253174,0.47632312774658203,0.28904443979263306,-0.5763205885887146,0.9997509717941284,0.4574807584285736,0.2900339365005493,-0.574386477470398,0.9997479915618896,0.45378684997558594,0.2899397015571594,-0.5744761824607849,0.999688446521759,0.45067137479782104,0.2896326184272766,-0.57448410987854,0.9997367262840271,0.48072415590286255,0.29121091961860657,-0.4485894739627838,0.9991564750671387,0.4463404715061188,0.29336297512054443,-0.4399820864200592,0.9992825388908386,0.469916433095932,0.30920469760894775,-0.5343591570854187,0.9996970295906067,0.45616286993026733,0.30887049436569214,-0.5319737792015076,0.9996408224105835,0.5103413462638855,0.3409970998764038,-0.32292938232421875,0.9999098777770996,0.4154432415962219,0.34689199924468994,-0.30300769209861755,0.9999111890792847,0.49879559874534607,0.42116037011146545,-0.28182995319366455,0.9659165740013123,0.4176316261291504,0.42282286286354065,-0.26982375979423523,0.9538211226463318,0.47317153215408325,0.4874289035797119,-0.35059991478919983,0.9455628991127014,0.43230193853378296,0.4890837073326111,-0.35853445529937744,0.9357739090919495,0.47090476751327515,0.50771164894104,-0.3858188986778259,0.9148092269897461,0.43100300431251526,0.5099587440490723,-0.39425891637802124,0.9049347043037415,0.4665241241455078,0.505382776260376,-0.41654738783836365,0.9178161025047302,0.4376857876777649,0.5115384459495544,-0.42358604073524475,0.9096778035163879,0.4644208550453186,0.4969039857387543,-0.3634733557701111,0.8998823761940002,0.44040554761886597,0.49983033537864685,-0.3713850677013397,0.887481689453125,0.486117422580719,0.4770026206970215,-0.004425183869898319,0.9997044801712036,0.4289608597755432,0.4791533946990967,0.004466243088245392,0.9996019601821899,0.5210177898406982,0.5857337117195129,-0.03959909826517105,0.9914044141769409,0.4010082185268402,0.5949941277503967,-0.025847215205430984,0.992362380027771,0.540149450302124,0.6759975552558899,0.12974119186401367,0.9907917976379395,0.37685373425483704,0.6808053851127625,0.1490623652935028,0.9909054636955261,0.5375755429267883,0.686857283115387,0.13895119726657867,0.8749065399169922,0.37930014729499817,0.694592297077179,0.15862178802490234,0.8450036644935608,0.5572751760482788,0.7108405828475952,-0.008196995593607426,0.9840250611305237,0.35902267694473267,0.7168904542922974,0.011472431011497974,0.9825173020362854
46,0.4622430205345154,0.2913135290145874,-0.5977951884269714,0.9998940825462341,0.4684627652168274,0.28278568387031555,-0.5866937637329102,0.9997462034225464,0.4719173312187195,0.2826700210571289,-0.5867534279823303,0.999693751335144,0.4759959578514099,0.28228408098220825,-0.5867883563041687,0.999763011932373,0.4586626887321472,0.2826120853424072,-0.5848506689071655,0.9997600317001343,0.45479312539100647,0.2825629711151123,-0.5849413871765137,0.9997038245201111,0.45180201530456543,0.2821711301803589,-0.5849389433860779,0.9997488856315613,0.48058003187179565,0.28431370854377747,-0.4578924775123596,0.9991995692253113,0.4469706118106842,0.28589269518852234,-0.44906383752822876,0.9993162751197815,0.4696674942970276,0.3007393777370453,-0.5442091226577759,0.9997133612632751,0.4565904140472412,0.3008073568344116,-0.5417946577072144,0.999660849571228,0.5098971724510193,0.337667316198349,-0.3237462341785431,0.9999145269393921,0.4165113866329193,0.33959341049194336,-0.3124423623085022,0.999914824962616,0.4993550181388855,0.4182897210121155,-0.2876328229904175,0.967390775680542,0.41899338364601135,0.4132624566555023,-0.2833390235900879,0.9541312456130981,0.4730742573738098,0.48340925574302673,-0.3681402802467346,0.9470197558403015,0.4354385435581207,0.4803431034088135,-0.3776096701622009,0.9358104467391968,0.4703381061553955,0.5022222995758057,-0.40558427572250366,0.9162243008613586,0.44039830565452576,0.5011657476425171,-0.41559386253356934,0.9047574400901794,0.4657960832118988,0.5004868507385254,-0.43616724014282227,0.9190618991851807,0.4484415650367737,0.5001890063285828,-0.44329124689102173,0.9094749093055725,0.46418866515159607,0.49224916100502014,-0.3811028003692627,0.9010121822357178,0.44794195890426636,0.4921092391014099,-0.3896285891532898,0.8870919942855835,0.4859344959259033,0.4740172028541565,0.0004769840161316097,0.99972003698349,0.4288163185119629,0.4730105996131897,-0.00045471341582015157,0.9996236562728882,0.5216250419616699,0.5855107307434082,-0.03781018778681755,0.9917786717414856,0.402352511882782,0.5877955555915833,-0.03710591793060303,0.992648184299469,0.5408806204795837,0.68683922290802,0.1378198266029358,0.99111407995224,0.3760882318019867,0.6828571557998657,0.14630544185638428,0.9912542700767517,0.5381128787994385,0.7020153403282166,0.1464175581932068,0.8769443035125732,0.37911900877952576,0.6987063884735107,0.15576550364494324,0.8482956886291504,0.558609664440155,0.716418981552124,-0.00830454658716917,0.9844646453857422,0.35755157470703125,0.7151462435722351,0.0020546254236251116,0.9830756783485413
47,0.460304319858551,0.2930395305156708,-0.5805250406265259,0.9998950958251953,0.4670124053955078,0.2849476933479309,-0.5682527422904968,0.9997492432594299,0.4709687829017639,0.28449538350105286,-0.5683028697967529,0.9996973276138306,0.4752655029296875,0.28405046463012695,-0.5683429837226868,0.9997652769088745,0.4564381539821625,0.28621330857276917,-0.5665174126625061,0.9997618198394775,0.45278626680374146,0.2866171598434448,-0.5666052103042603,0.99970543384552,0.4496303200721741,0.28679347038269043,-0.5666149854660034,0.9997499585151672,0.48025768995285034,0.2862849831581116,-0.4372172951698303,0.9992074966430664,0.44468921422958374,0.2905735969543457,-0.4290921092033386,0.9993135929107666,0.4684825539588928,0.30148768424987793,-0.5264745354652405,0.9997133016586304,0.4533833861351013,0.30332982540130615,-0.5242586135864258,0.9996620416641235,0.5096886157989502,0.3393365740776062,-0.30420249700546265,0.9999129772186279,0.4144672751426697,0.3419751524925232,-0.2934325039386749,0.9999104738235474,0.4958042502403259,0.4179310202598572,-0.259981632232666,0.9671170711517334,0.41092783212661743,0.41637101769447327,-0.255926251411438,0.9519186615943909,0.4770907759666443,0.48751434683799744,-0.3381916880607605,0.9456322193145752,0.4238033890724182,0.47919803857803345,-0.34202417731285095,0.9316437244415283,0.4750449061393738,0.5056964755058289,-0.3722318112850189,0.9140864610671997,0.42255353927612305,0.5011833906173706,-0.3753935694694519,0.8993115425109863,0.46779894828796387,0.49957188963890076,-0.40470224618911743,0.917060911655426,0.4302448332309723,0.4997423589229584,-0.4066320061683655,0.9044613242149353,0.46732577681541443,0.495321661233902,-0.35185396671295166,0.8988615870475769,0.43261194229125977,0.48947399854660034,-0.35529768466949463,0.8819746375083923,0.4872111678123474,0.4744184911251068,0.0030416541267186403,0.9997177124023438,0.4290853440761566,0.47458896040916443,-0.003004692727699876,0.9996222853660583,0.5226461291313171,0.5849518775939941,-0.0320536307990551,0.9920689463615417,0.4022751748561859,0.5922467112541199,-0.033042073249816895,0.9928835034370422,0.5416069030761719,0.6856032609939575,0.13707101345062256,0.9912775158882141,0.37608641386032104,0.6807973384857178,0.13653093576431274,0.9914541244506836,0.5385398864746094,0.6986802220344543,0.14559410512447357,0.8774530291557312,0.3769437372684479,0.6950740814208984,0.14509445428848267,0.8492807149887085,0.559237539768219,0.7176018357276917,-0.005202265456318855,0.9846541881561279,0.3592106103897095,0.7162497639656067,-0.0073625678196549416,0.9833440780639648
48,0.4605938792228699,0.3059684634208679,-0.6303451061248779,0.9998990893363953,0.46618181467056274,0.29680079221725464,-0.619198739528656,0.9997568130493164,0.4698566496372223,0.2968832850456238,-0.6192355155944824,0.9997072815895081,0.4737025201320648,0.2968596816062927,-0.6192528605461121,0.9997727274894714,0.455932080745697,0.29665157198905945,-0.6208263635635376,0.9997680187225342,0.45225900411605835,0.2966926693916321,-0.6209415197372437,0.9997128248214722,0.4490594267845154,0.2967132329940796,-0.62095707654953,0.9997565150260925,0.47773605585098267,0.2982611656188965,-0.48580798506736755,0.9992215037345886,0.4443821310997009,0.30020156502723694,-0.492503821849823,0.9993272423744202,0.46763771772384644,0.31701546907424927,-0.5743064880371094,0.9997208118438721,0.45431384444236755,0.3168601095676422,-0.5763181447982788,0.9996702671051025,0.5089229345321655,0.3460988700389862,-0.33584854006767273,0.9999158978462219,0.41450637578964233,0.34733372926712036,-0.3609759211540222,0.9999133944511414,0.4952210783958435,0.42426079511642456,-0.29432693123817444,0.9673106670379639,0.41155704855918884,0.41698360443115234,-0.3402506411075592,0.9534472227096558,0.48309746384620667,0.49310341477394104,-0.37993156909942627,0.9457414746284485,0.4442686438560486,0.4902719557285309,-0.4287194311618805,0.9333134293556213,0.47637850046157837,0.5103224515914917,-0.41542401909828186,0.9139545559883118,0.4441230297088623,0.5088286399841309,-0.4685365557670593,0.901120126247406,0.47056126594543457,0.5075226426124573,-0.44946449995040894,0.9168661832809448,0.45154818892478943,0.5075801014900208,-0.493656724691391,0.9061189293861389,0.46857157349586487,0.4988001883029938,-0.39469262957572937,0.8983927369117737,0.4519524574279785,0.4985637664794922,-0.4394894242286682,0.8837055563926697,0.48595553636550903,0.4762340486049652,0.009752338752150536,0.9997230768203735,0.42886438965797424,0.4759849011898041,-0.00968475453555584,0.9996345639228821,0.5200311541557312,0.5879584550857544,-0.022457653656601906,0.9922307729721069,0.3995850384235382,0.5952765941619873,-0.04759557917714119,0.9930688738822937,0.5395263433456421,0.6807486414909363,0.142634779214859,0.991382896900177,0.3735319972038269,0.6893399953842163,0.1277483105659485,0.9916622042655945,0.534587562084198,0.6949695348739624,0.15067064762115479,0.878532350063324,0.3763214349746704,0.7041512727737427,0.13679277896881104,0.8516033291816711,0.5575657486915588,0.7130427360534668,-0.0018038410926237702,0.9848523139953613,0.3541354537010193,0.7198095917701721,-0.01756550930440426,0.9837332963943481
49,0.461622953414917,0.3189253807067871,-0.6776289343833923,0.999900758266449,0.4673762321472168,0.3076525926589966,-0.669139564037323,0.9997603297233582,0.4710732400417328,0.30728965997695923,-0.6691802740097046,0.999712347984314,0.4746395945549011,0.3059682250022888,-0.6692016124725342,0.9997760653495789,0.45587795972824097,0.3070346713066101,-0.670096755027771,0.9997705817222595,0.4519312381744385,0.30644863843917847,-0.6702262759208679,0.9997153878211975,0.4482097029685974,0.3059259057044983,-0.6702406406402588,0.9997587203979492,0.47836318612098694,0.3044232726097107,-0.5346555709838867,0.9992287158966064,0.44319668412208557,0.30558615922927856,-0.5386889576911926,0.9993353486061096,0.46834200620651245,0.32773685455322266,-0.6195057034492493,0.999724268913269,0.4547744393348694,0.32692694664001465,-0.6207842230796814,0.9996738433837891,0.5083718299865723,0.34604543447494507,-0.3768426179885864,0.999919056892395,0.41403746604919434,0.3481382727622986,-0.3894544541835785,0.9999164938926697,0.493033230304718,0.4206535220146179,-0.3372814953327179,0.9673246145248413,0.4200555384159088,0.42054492235183716,-0.3682275414466858,0.95327228307724,0.46891888976097107,0.48904699087142944,-0.4220660328865051,0.9448304176330566,0.441934734582901,0.4881918430328369,-0.46116095781326294,0.9324058890342712,0.46760764718055725,0.5082190036773682,-0.45929449796676636,0.9125332236289978,0.4426933825016022,0.5103445649147034,-0.5017513632774353,0.9000126719474792,0.4606715738773346,0.5046049952507019,-0.49087244272232056,0.9153570532798767,0.4487833082675934,0.5044004917144775,-0.5284069776535034,0.9050437211990356,0.45979398488998413,0.49669939279556274,-0.43553614616394043,0.8961333632469177,0.448650985956192,0.49559491872787476,-0.47266682982444763,0.8821274042129517,0.4853169023990631,0.47748249769210815,0.00614842027425766,0.999724805355072,0.42749863862991333,0.477020263671875,-0.006095801014453173,0.9996398687362671,0.519469141960144,0.5901050567626953,-0.011880800127983093,0.9924811720848083,0.40032005310058594,0.5956336259841919,-0.03423931449651718,0.9932110905647278,0.5430988073348999,0.6855873465538025,0.14666195213794708,0.9916453957557678,0.37225446105003357,0.6891546249389648,0.14648599922657013,0.99184650182724,0.540037214756012,0.7004632949829102,0.15387196838855743,0.8810861110687256,0.3764954209327698,0.7018351554870605,0.15617826581001282,0.8540428280830383,0.5604312419891357,0.7162758111953735,-0.006142559461295605,0.9852628111839294,0.3565269708633423,0.71763014793396,-0.00045749908895231783,0.9840583801269531
50,0.4610598683357239,0.31754645705223083,-0.6741337776184082,0.999898374080658,0.4669644236564636,0.3066806495189667,-0.6653426289558411,0.9997540712356567,0.470753014087677,0.3064979612827301,-0.665376603603363,0.9997063875198364,0.47442713379859924,0.3061370551586151,-0.665395975112915,0.9997707605361938,0.45562490820884705,0.305896133184433,-0.666919469833374,0.9997631907463074,0.4517022967338562,0.3053622245788574,-0.6670440435409546,0.9997056722640991,0.44822436571121216,0.3048996925354004,-0.667062520980835,0.9997509121894836,0.4780682921409607,0.3041210472583771,-0.5303632616996765,0.9992007613182068,0.4433252811431885,0.3049391508102417,-0.5371702313423157,0.9993157982826233,0.4679810404777527,0.3269546627998352,-0.6158669590950012,0.9997170567512512,0.45445385575294495,0.32589417695999146,-0.6179559230804443,0.9996665120124817,0.5080307722091675,0.3465154767036438,-0.3703193664550781,0.9999206066131592,0.4142180383205414,0.3463159203529358,-0.39189115166664124,0.9999186992645264,0.4923502802848816,0.4198506772518158,-0.32937750220298767,0.9671080112457275,0.41834014654159546,0.4129718244075775,-0.3679269254207611,0.9543080925941467,0.46703630685806274,0.4859594404697418,-0.4157558083534241,0.9442235827445984,0.4416585862636566,0.4874180257320404,-0.45686787366867065,0.9331739544868469,0.46609076857566833,0.5083141922950745,-0.45278114080429077,0.9116190671920776,0.44190850853919983,0.5065858960151672,-0.4970843195915222,0.9008027911186218,0.4598029553890228,0.5018898844718933,-0.4844745695590973,0.9143496155738831,0.4481202960014343,0.5048903226852417,-0.5225366353988647,0.9057466983795166,0.45866093039512634,0.4937058985233307,-0.42927974462509155,0.8945127725601196,0.4480767846107483,0.49541133642196655,-0.46755632758140564,0.8826748728752136,0.4857907295227051,0.4764450192451477,0.009409075602889061,0.9997169971466064,0.4284479022026062,0.4756757318973541,-0.009353715926408768,0.9996361136436462,0.520733118057251,0.5887555480003357,-0.009491665288805962,0.9925621747970581,0.4027029573917389,0.5912461280822754,-0.037583958357572556,0.9932255148887634,0.5408096313476562,0.6859630346298218,0.14797759056091309,0.991690456867218,0.37554338574409485,0.6863100528717041,0.13771431148052216,0.9918505549430847,0.5377127528190613,0.6985248923301697,0.15539142489433289,0.8817037343978882,0.378503680229187,0.7008488178253174,0.14703120291233063,0.853916347026825,0.5596118569374084,0.718365490436554,-0.0002759841736406088,0.9853448867797852,0.35973477363586426,0.7185347080230713,-0.007886463776230812,0.9840621948242188
51,0.4618132710456848,0.3185969591140747,-0.6896499395370483,0.9998951554298401,0.46751323342323303,0.3072851896286011,-0.6807085275650024,0.9997480511665344,0.471127450466156,0.3068586587905884,-0.6807442307472229,0.9997003078460693,0.47458362579345703,0.30623072385787964,-0.6807670593261719,0.9997646808624268,0.4563503861427307,0.30660226941108704,-0.683950662612915,0.9997566342353821,0.4524080157279968,0.30592846870422363,-0.6840826869010925,0.9996976256370544,0.4485836923122406,0.30530089139938354,-0.6841005086898804,0.9997438192367554,0.4776596128940582,0.3026825785636902,-0.5415689945220947,0.9991785287857056,0.442865788936615,0.30564773082733154,-0.5561743974685669,0.9993036985397339,0.46811121702194214,0.3270472288131714,-0.6294085383415222,0.999711275100708,0.4545316696166992,0.3260262906551361,-0.6337272524833679,0.999661386013031,0.5069541931152344,0.34369754791259766,-0.37323200702667236,0.9999217987060547,0.41231268644332886,0.3496636152267456,-0.4041564464569092,0.9999189972877502,0.4942184388637543,0.42112454771995544,-0.31981000304222107,0.9656166434288025,0.4187409281730652,0.4236346185207367,-0.37280386686325073,0.953816294670105,0.4731752872467041,0.49070873856544495,-0.40703830122947693,0.9415135979652405,0.43225497007369995,0.49360865354537964,-0.4558335840702057,0.931694746017456,0.47351622581481934,0.509754478931427,-0.44153934717178345,0.9083751440048218,0.4310595989227295,0.5137763023376465,-0.4926174581050873,0.8989883065223694,0.46531468629837036,0.5078490376472473,-0.4769384264945984,0.9113420248031616,0.4345107972621918,0.5123640894889832,-0.5237736105918884,0.9041823744773865,0.46407732367515564,0.4991493821144104,-0.4221171438694,0.8908393979072571,0.43982428312301636,0.5029730796813965,-0.46846503019332886,0.8808256983757019,0.4883318841457367,0.4728114604949951,0.010618536733090878,0.9996998310089111,0.4298080801963806,0.47324520349502563,-0.01054838765412569,0.9996191263198853,0.5201069116592407,0.5853946805000305,-0.01894582062959671,0.9927865862846375,0.40024104714393616,0.5908099412918091,-0.04914355278015137,0.9933501482009888,0.5431672930717468,0.6865365505218506,0.13690020143985748,0.9918786883354187,0.37210142612457275,0.6863818168640137,0.12467008829116821,0.9919882416725159,0.5393244028091431,0.6984107494354248,0.14401380717754364,0.8835059404373169,0.37517207860946655,0.7007250189781189,0.13358965516090393,0.8548364639282227,0.5644766688346863,0.71832674741745,-0.014137288555502892,0.9856350421905518,0.3576400578022003,0.7192839980125427,-0.023940792307257652,0.9842405915260315
52,0.4615142345428467,0.3174252510070801,-0.6556314826011658,0.9998957514762878,0.4671376645565033,0.306160032749176,-0.6473332643508911,0.9997507929801941,0.4707266390323639,0.3056182861328125,-0.6473811268806458,0.9997038841247559,0.4742352366447449,0.30484718084335327,-0.6473973989486694,0.9997670650482178,0.4564036726951599,0.3055388331413269,-0.6485974788665771,0.9997591376304626,0.4526423513889313,0.304762601852417,-0.6487100720405579,0.9997010827064514,0.4489676058292389,0.3039829134941101,-0.6487237215042114,0.9997466802597046,0.4780369699001312,0.30306386947631836,-0.5152177810668945,0.9991898536682129,0.4429158568382263,0.3046976327896118,-0.5214629769325256,0.9993125796318054,0.46771445870399475,0.3258441090583801,-0.5985638499259949,0.9997125864028931,0.45471492409706116,0.32495415210723877,-0.6004738211631775,0.9996642470359802,0.5072000026702881,0.34440964460372925,-0.3684307932853699,0.9999241828918457,0.4121711850166321,0.3495180606842041,-0.36955758929252625,0.9999210238456726,0.4932231307029724,0.42381078004837036,-0.3263672888278961,0.9665766954421997,0.42043551802635193,0.42683297395706177,-0.33715394139289856,0.953727662563324,0.4647734761238098,0.49167147278785706,-0.4045957028865814,0.9426909685134888,0.43103593587875366,0.49514609575271606,-0.41929060220718384,0.9319997429847717,0.46355780959129333,0.5143245458602905,-0.4408242702484131,0.9096692204475403,0.42869824171066284,0.5183172821998596,-0.45482808351516724,0.8993212580680847,0.45617660880088806,0.5088544487953186,-0.47072020173072815,0.9126021265983582,0.43666353821754456,0.5171688795089722,-0.4856793284416199,0.9046696424484253,0.4551127552986145,0.4997374415397644,-0.4173050820827484,0.8922820687294006,0.43862563371658325,0.5069243907928467,-0.4321080148220062,0.8817014098167419,0.487821102142334,0.4734586775302887,0.0023370038252323866,0.999703586101532,0.42980465292930603,0.47366008162498474,-0.0022852562833577394,0.9996241927146912,0.516898512840271,0.584923505783081,-0.022700581699609756,0.9929324388504028,0.39884310960769653,0.5946293473243713,-0.036422234028577805,0.9933967590332031,0.5406145453453064,0.6795936822891235,0.1283610761165619,0.9918943643569946,0.3736068308353424,0.6847569942474365,0.12784108519554138,0.9920201301574707,0.5353713631629944,0.6916172504425049,0.1357487589120865,0.8823158144950867,0.37563398480415344,0.6994670629501343,0.13643816113471985,0.8539630174636841,0.5556216239929199,0.7139699459075928,-0.014665847644209862,0.9856985211372375,0.35723817348480225,0.7178812026977539,-0.013446947559714317,0.9842833876609802
53,0.46173372864723206,0.3136875629425049,-0.6894816160202026,0.999889612197876,0.46743255853652954,0.3035770654678345,-0.6802089810371399,0.9997363686561584,0.47098150849342346,0.30345770716667175,-0.6802463531494141,0.9996873736381531,0.47438740730285645,0.30316054821014404,-0.6802654266357422,0.9997531175613403,0.45729559659957886,0.3024935722351074,-0.6835203766822815,0.9997463822364807,0.4537890553474426,0.30176058411598206,-0.6836448907852173,0.9996860027313232,0.4497653543949127,0.3012049198150635,-0.6836647391319275,0.9997344017028809,0.4776519238948822,0.3004686236381531,-0.5424247980117798,0.9991397857666016,0.4441651701927185,0.3010501265525818,-0.5575916767120361,0.9992839694023132,0.46770334243774414,0.3236466646194458,-0.6299888491630554,0.9996936321258545,0.4548870027065277,0.32227909564971924,-0.6345256567001343,0.9996488094329834,0.506704568862915,0.34268176555633545,-0.377961665391922,0.9999217391014099,0.41150790452957153,0.3477330803871155,-0.4064132273197174,0.999919593334198,0.48893100023269653,0.4177626669406891,-0.32233503460884094,0.9654630422592163,0.4131835103034973,0.4204319417476654,-0.3639788329601288,0.9541468620300293,0.4614195227622986,0.4894191324710846,-0.4004130959510803,0.9410079121589661,0.42714715003967285,0.49609479308128357,-0.43111714720726013,0.9320197701454163,0.4663945734500885,0.5125795602798462,-0.4350951611995697,0.9076256155967712,0.4244132936000824,0.5204009413719177,-0.46508175134658813,0.899388313293457,0.4576999545097351,0.5081261992454529,-0.46825870871543884,0.9106853008270264,0.4326467514038086,0.519389808177948,-0.4984132647514343,0.9048749208450317,0.45311790704727173,0.49837905168533325,-0.4144708216190338,0.8900114297866821,0.4347771108150482,0.5085452198982239,-0.44404810667037964,0.8821007013320923,0.4868825376033783,0.4658854603767395,0.011056443676352501,0.9996842741966248,0.42871779203414917,0.4694667458534241,-0.01098215114325285,0.9996064305305481,0.5140013694763184,0.5747263431549072,-0.03035663440823555,0.9928290843963623,0.3990151882171631,0.588020920753479,-0.05943800136446953,0.9933021664619446,0.5393450856208801,0.6737326383590698,0.12074463069438934,0.9916770458221436,0.3748304843902588,0.6865420341491699,0.10093065351247787,0.9918631911277771,0.5332995057106018,0.6899392604827881,0.12789466977119446,0.8805323839187622,0.37518441677093506,0.7019602060317993,0.10879357159137726,0.8506246209144592,0.553952157497406,0.7094350457191467,-0.02437671646475792,0.985393762588501,0.36029067635536194,0.7195858955383301,-0.048252254724502563,0.9839454889297485
54,0.46036967635154724,0.2994164526462555,-0.5804562568664551,0.9998893141746521,0.46597933769226074,0.29028794169425964,-0.5686556100845337,0.9997370839118958,0.46965423226356506,0.2901571989059448,-0.568699061870575,0.9996886253356934,0.4732585847377777,0.2900429964065552,-0.5687237977981567,0.9997532367706299,0.4554428458213806,0.290539413690567,-0.5690625309944153,0.9997463226318359,0.4520258903503418,0.29058367013931274,-0.5691625475883484,0.9996864795684814,0.44869178533554077,0.2906574308872223,-0.5691805481910706,0.9997342824935913,0.4780653119087219,0.29317694902420044,-0.437105655670166,0.9991397261619568,0.4434792399406433,0.29490333795547485,-0.43900156021118164,0.9992746710777283,0.46725621819496155,0.31042128801345825,-0.5256845355033875,0.9996870756149292,0.45432835817337036,0.31028807163238525,-0.5263439416885376,0.9996416568756104,0.5074502229690552,0.3427191972732544,-0.30671221017837524,0.9999198913574219,0.4128057360649109,0.3462875783443451,-0.3029678761959076,0.9999144077301025,0.4942665100097656,0.4149850010871887,-0.26653918623924255,0.964907169342041,0.4156937003135681,0.4183919429779053,-0.26313111186027527,0.951633095741272,0.46991270780563354,0.48411911725997925,-0.35005253553390503,0.9390302896499634,0.42180919647216797,0.4893910884857178,-0.338235080242157,0.9276192784309387,0.46764034032821655,0.5061557292938232,-0.38547977805137634,0.904620885848999,0.4196165204048157,0.5135992169380188,-0.3692381680011749,0.8936691284179688,0.45655113458633423,0.5019663572311401,-0.41554969549179077,0.9078115224838257,0.42520126700401306,0.5134744048118591,-0.4032944142818451,0.8996750712394714,0.4559226930141449,0.49304670095443726,-0.3631253242492676,0.8868898153305054,0.429473340511322,0.503079354763031,-0.35229724645614624,0.8768262267112732,0.48716840147972107,0.47495928406715393,0.0018421938875690103,0.9996933937072754,0.42946308851242065,0.47692567110061646,-0.0017608978087082505,0.9996188282966614,0.5176442861557007,0.582629382610321,-0.035596318542957306,0.9930635094642639,0.396283358335495,0.5941342711448669,-0.03890381008386612,0.9935398101806641,0.5412155985832214,0.6771671175956726,0.13052864372730255,0.991771936416626,0.37486544251441956,0.6874065399169922,0.1254947930574417,0.9921034574508667,0.5375514626502991,0.6900303363800049,0.1391967386007309,0.8804370760917664,0.37753987312316895,0.6999515891075134,0.133859783411026,0.8529065251350403,0.5569772720336914,0.7119774222373962,-0.008898461237549782,0.9855881333351135,0.35478323698043823,0.7186861038208008,-0.016576122492551804,0.9843813180923462
55,0.4603574872016907,0.3119950294494629,-0.7256512641906738,0.9998895525932312,0.4661303162574768,0.3006203770637512,-0.7178205847740173,0.9997365474700928,0.46978288888931274,0.30062663555145264,-0.717847466468811,0.9996882081031799,0.47327956557273865,0.3004531264305115,-0.7178525328636169,0.9997520446777344,0.4560450613498688,0.29968518018722534,-0.7202180027961731,0.9997464418411255,0.4527769684791565,0.299058198928833,-0.7203527688980103,0.9996861219406128,0.4491892457008362,0.29851970076560974,-0.7203682661056519,0.9997340440750122,0.47695451974868774,0.30001866817474365,-0.5796856880187988,0.9991317391395569,0.44440022110939026,0.2995602488517761,-0.5908688902854919,0.9992770552635193,0.4668366312980652,0.3200482726097107,-0.6655158400535583,0.9996875524520874,0.45393532514572144,0.31883567571640015,-0.668914794921875,0.9996457099914551,0.5073360204696655,0.3430144786834717,-0.40987229347229004,0.9999209642410278,0.41054850816726685,0.34427186846733093,-0.4266253411769867,0.999917209148407,0.4878011643886566,0.42554324865341187,-0.35316741466522217,0.964605450630188,0.4122505187988281,0.4205356240272522,-0.3739384114742279,0.9521548748016357,0.4595819115638733,0.4906243681907654,-0.42349308729171753,0.9382411241531372,0.4234200417995453,0.4927281439304352,-0.43260684609413147,0.9279254674911499,0.4628426432609558,0.5153087973594666,-0.4588429033756256,0.9037293791770935,0.4158688485622406,0.519946277141571,-0.4657368063926697,0.8940797448158264,0.45321124792099,0.5103473663330078,-0.4921503961086273,0.9069401025772095,0.4265879988670349,0.521135687828064,-0.501105546951294,0.9001564979553223,0.4520295262336731,0.4999273419380188,-0.437382310628891,0.8857953548431396,0.43095341324806213,0.5087597370147705,-0.4462745785713196,0.8775376081466675,0.48667439818382263,0.46702128648757935,0.0077027007937431335,0.9996910691261292,0.4281664788722992,0.46721476316452026,-0.007640715688467026,0.9996234774589539,0.5142586827278137,0.579093873500824,-0.024580763652920723,0.9928793907165527,0.39886143803596497,0.5892326831817627,-0.05414889007806778,0.9934019446372986,0.540794849395752,0.6775529980659485,0.13726897537708282,0.9916839599609375,0.37263813614845276,0.6953763961791992,0.1236257553100586,0.9920377135276794,0.5379489064216614,0.6934661269187927,0.1444723755121231,0.8796058297157288,0.3732432425022125,0.7096297740936279,0.13246411085128784,0.8523872494697571,0.5567368268966675,0.7095276117324829,-0.014129105024039745,0.9854598045349121,0.3595328629016876,0.7227016687393188,-0.026760419830679893,0.9842300415039062
56,0.4603241980075836,0.31137746572494507,-0.6789708733558655,0.9998895525932312,0.46593600511550903,0.3007745146751404,-0.670197069644928,0.9997338056564331,0.4694367051124573,0.30045440793037415,-0.6702250242233276,0.9996856451034546,0.4727703928947449,0.3000108599662781,-0.6702336668968201,0.999748945236206,0.45555177330970764,0.3002161979675293,-0.6702658534049988,0.9997445344924927,0.4519924521446228,0.2995802164077759,-0.6703847050666809,0.9996843338012695,0.4483352303504944,0.29901617765426636,-0.6703971028327942,0.9997321963310242,0.4760618805885315,0.3001110255718231,-0.5353854894638062,0.999122679233551,0.4431135654449463,0.30026787519454956,-0.5359992384910583,0.9992707371711731,0.46648818254470825,0.32053089141845703,-0.6211357712745667,0.999687910079956,0.4535037577152252,0.3191995620727539,-0.6214296221733093,0.9996477961540222,0.5067774057388306,0.3429194390773773,-0.38207578659057617,0.9999224543571472,0.4109116196632385,0.3453841805458069,-0.37495148181915283,0.9999188184738159,0.4899994730949402,0.4213675856590271,-0.3344232738018036,0.9656676054000854,0.41526317596435547,0.4204925000667572,-0.3292843699455261,0.9524211287498474,0.46381425857543945,0.4865477979183197,-0.4064722955226898,0.9391068816184998,0.4230346083641052,0.49207359552383423,-0.40364617109298706,0.9278877973556519,0.46019333600997925,0.5085085034370422,-0.4424690306186676,0.9043980836868286,0.41992276906967163,0.5158228874206543,-0.43634897470474243,0.893708348274231,0.45062455534935,0.5035747289657593,-0.4735493063926697,0.9075449705123901,0.42851367592811584,0.5165709853172302,-0.47049665451049805,0.8999063968658447,0.4497673511505127,0.49348264932632446,-0.4192785322666168,0.8862860798835754,0.43035250902175903,0.5048046112060547,-0.41730132699012756,0.8773311376571655,0.48835811018943787,0.46811819076538086,-0.00016827529179863632,0.9996932744979858,0.43006500601768494,0.4714776873588562,0.00022319171694107354,0.9996280670166016,0.5155177116394043,0.5797065496444702,-0.061872728168964386,0.9930379390716553,0.3997313976287842,0.5917941331863403,-0.06129734590649605,0.9934573173522949,0.5407814979553223,0.6781153678894043,0.09000229835510254,0.991866409778595,0.3736191689968109,0.6932427287101746,0.10441768169403076,0.9921719431877136,0.538499653339386,0.6940608024597168,0.09643159806728363,0.8810408711433411,0.3779003918170929,0.712885856628418,0.1121257096529007,0.8543152809143066,0.5585665702819824,0.7123498916625977,-0.064471535384655,0.9857569932937622,0.3570883274078369,0.7232636213302612,-0.048317112028598785,0.9844847917556763
57,0.4590439200401306,0.3102402687072754,-0.7223103642463684,0.9998926520347595,0.4644850194454193,0.29978492856025696,-0.7140626907348633,0.9997400045394897,0.4681861996650696,0.2994275689125061,-0.7141183614730835,0.9996929168701172,0.4717462658882141,0.29893743991851807,-0.7141397595405579,0.9997541308403015,0.4540064334869385,0.2993045449256897,-0.7128527164459229,0.9997518658638,0.45059752464294434,0.2987724542617798,-0.7130002379417419,0.9996936917304993,0.44686612486839294,0.2984001040458679,-0.7130358815193176,0.9997403025627136,0.47618478536605835,0.2997555732727051,-0.5777900218963623,0.9991428256034851,0.44216638803482056,0.3008374571800232,-0.5724567770957947,0.9992911219596863,0.4655049741268158,0.31972649693489075,-0.6636376976966858,0.999692440032959,0.4526677131652832,0.31891417503356934,-0.662291944026947,0.9996544122695923,0.5073024034500122,0.34587863087654114,-0.42424505949020386,0.9999213814735413,0.4107431471347809,0.34637969732284546,-0.40395838022232056,0.9999186992645264,0.49446573853492737,0.4203210771083832,-0.38633158802986145,0.966719925403595,0.40823864936828613,0.4157051146030426,-0.35822421312332153,0.9513378143310547,0.4513893723487854,0.4858161509037018,-0.45734959840774536,0.9394775629043579,0.41892799735069275,0.4852631688117981,-0.42999371886253357,0.9250625371932983,0.44761019945144653,0.501316487789154,-0.4955523908138275,0.9039804935455322,0.4155842661857605,0.5080775618553162,-0.4625926911830902,0.889546811580658,0.44139567017555237,0.49715036153793335,-0.519907534122467,0.9068375825881958,0.42183297872543335,0.5087111592292786,-0.49513983726501465,0.8958678245544434,0.44030874967575073,0.48827067017555237,-0.46740737557411194,0.8849710822105408,0.42432889342308044,0.5029470324516296,-0.4429425597190857,0.8729008436203003,0.48659810423851013,0.46966180205345154,-0.0016362869646400213,0.9996892809867859,0.42881760001182556,0.46842771768569946,0.0017042767722159624,0.9996244311332703,0.5174815654754639,0.5836569666862488,-0.02871169149875641,0.9931360483169556,0.3979179263114929,0.5860616564750671,-0.0341094508767128,0.9934905767440796,0.5412270426750183,0.6762867569923401,0.15665312111377716,0.9919365048408508,0.375229150056839,0.6803521513938904,0.1656210869550705,0.9921700954437256,0.5348352193832397,0.6891118288040161,0.16662240028381348,0.8805553317070007,0.3781042993068695,0.6933627128601074,0.17726460099220276,0.8538230657577515,0.5544065237045288,0.7137960195541382,0.006080043967813253,0.9858015179634094,0.35580962896347046,0.7174925804138184,0.019539926201105118,0.9844545125961304
58,0.4604359567165375,0.3085995018482208,-0.7069399356842041,0.9998934864997864,0.4654723107814789,0.3000505566596985,-0.6972216963768005,0.9997405409812927,0.46884360909461975,0.30033791065216064,-0.6972587704658508,0.9996955394744873,0.47205299139022827,0.3004855513572693,-0.6972821950912476,0.9997540712356567,0.4559424817562103,0.2983279824256897,-0.6992416381835938,0.999752938747406,0.4528258740901947,0.29761362075805664,-0.6994002461433411,0.9996963739395142,0.44919735193252563,0.29714030027389526,-0.6994386315345764,0.9997413754463196,0.474162757396698,0.3027830123901367,-0.5587266683578491,0.9991424679756165,0.44439396262168884,0.3007493317127228,-0.5681112408638,0.9992972612380981,0.46610206365585327,0.3188443183898926,-0.6478650569915771,0.9996887445449829,0.4539201259613037,0.3169113099575043,-0.6507269740104675,0.9996514320373535,0.5047634840011597,0.3445000648498535,-0.39913997054100037,0.9999181628227234,0.41018146276474,0.3469463288784027,-0.4084037244319916,0.9999144673347473,0.48965033888816833,0.423898309469223,-0.3484371304512024,0.9656529426574707,0.4082086682319641,0.41556233167648315,-0.3612525761127472,0.9505389928817749,0.45772749185562134,0.4834540784358978,-0.4181758761405945,0.935883104801178,0.41650980710983276,0.48620671033859253,-0.4170002341270447,0.9216987490653992,0.45830249786376953,0.4998585283756256,-0.45111411809921265,0.8989498615264893,0.41203242540359497,0.5129780173301697,-0.4460143446922302,0.8847132325172424,0.45376887917518616,0.49729275703430176,-0.48026061058044434,0.9017200469970703,0.417118638753891,0.5140060782432556,-0.47932037711143494,0.8912110924720764,0.4481850266456604,0.4866706430912018,-0.4302903115749359,0.8788158893585205,0.41938942670822144,0.5024591684341431,-0.4296303391456604,0.8677002191543579,0.4861045479774475,0.46831998229026794,0.004632085561752319,0.999668538570404,0.42924970388412476,0.46618232131004333,-0.004561794456094503,0.9996024966239929,0.5154396295547485,0.5802024006843567,-0.026288682594895363,0.9932351112365723,0.399086594581604,0.583215594291687,-0.04537208005785942,0.9935522079467773,0.540924072265625,0.6752634644508362,0.14624889194965363,0.9919453859329224,0.37435516715049744,0.6777120232582092,0.14311766624450684,0.9921351671218872,0.537818968296051,0.6905167102813721,0.15525896847248077,0.8801898956298828,0.37766802310943604,0.6889288425445557,0.15383116900920868,0.853721559047699,0.555605947971344,0.7147040367126465,-9.554417192703113e-05,0.9856851696968079,0.35825681686401367,0.7169758081436157,-0.00021491816733032465,0.9842653870582581
59,0.45888906717300415,0.3041948676109314,-0.6541813611984253,0.9998888969421387,0.4637729227542877,0.2935638427734375,-0.6424456238746643,0.9997290968894958,0.4672276973724365,0.2933780550956726,-0.6424670815467834,0.9996814131736755,0.4704790711402893,0.29311633110046387,-0.6424903869628906,0.9997394680976868,0.4544767737388611,0.2933253049850464,-0.6434692144393921,0.9997458457946777,0.45160049200057983,0.2930527627468109,-0.6436140537261963,0.9996888041496277,0.44777196645736694,0.2929370403289795,-0.6436583399772644,0.9997336864471436,0.4743996262550354,0.2967773973941803,-0.503550112247467,0.9991006255149841,0.4436718821525574,0.29594188928604126,-0.5084854364395142,0.9992808103561401,0.46501415967941284,0.31427526473999023,-0.5959807634353638,0.999672532081604,0.4530488848686218,0.3120942711830139,-0.597557544708252,0.9996415376663208,0.5055291652679443,0.34322184324264526,-0.3522731363773346,0.9999092221260071,0.41076532006263733,0.34722670912742615,-0.3542693853378296,0.9999074935913086,0.49257898330688477,0.4129404127597809,-0.29495152831077576,0.962710440158844,0.40664759278297424,0.4153292775154114,-0.30341872572898865,0.9480130076408386,0.47018489241600037,0.47183698415756226,-0.361457884311676,0.9280538558959961,0.4082725942134857,0.48288100957870483,-0.3623703420162201,0.9126244783401489,0.46739262342453003,0.4901805818080902,-0.39309683442115784,0.8891331553459167,0.4080655574798584,0.503879964351654,-0.38862988352775574,0.8730950355529785,0.4644533097743988,0.4876626431941986,-0.4241061806678772,0.8921914100646973,0.4150163531303406,0.5048354268074036,-0.4238813519477844,0.8801671862602234,0.46260398626327515,0.48042982816696167,-0.37431198358535767,0.8681731224060059,0.4169434607028961,0.499103844165802,-0.37583738565444946,0.8561130166053772,0.49009543657302856,0.473217248916626,0.003354798536747694,0.9996547698974609,0.43392544984817505,0.47277918457984924,-0.0032758109737187624,0.999595582485199,0.5188237428665161,0.5847076177597046,-0.037473414093256,0.9933703541755676,0.4017302095890045,0.586479127407074,-0.055043645203113556,0.9937052130699158,0.5413402318954468,0.6759305596351624,0.1481323540210724,0.991960346698761,0.37160202860832214,0.6870511770248413,0.12242572009563446,0.9922805428504944,0.5374489426612854,0.6926868557929993,0.1580245941877365,0.8801233768463135,0.3714037537574768,0.7006610035896301,0.1313585340976715,0.8556060194969177,0.5571766495704651,0.7158453464508057,0.004772004205733538,0.985560417175293,0.34754347801208496,0.7283929586410522,-0.02594747580587864,0.984392523765564
60,0.45713967084884644,0.30463242530822754,-0.6096765995025635,0.9998906850814819,0.46291905641555786,0.2949727177619934,-0.6004126071929932,0.9997329711914062,0.4668201804161072,0.2947767972946167,-0.6004589200019836,0.9996856451034546,0.4705412983894348,0.2945603132247925,-0.6004770994186401,0.9997419714927673,0.4528499245643616,0.2947394847869873,-0.5979439616203308,0.9997495412826538,0.4497653841972351,0.2944018840789795,-0.5980508923530579,0.9996941685676575,0.4467691481113434,0.294087290763855,-0.5980828404426575,0.999737560749054,0.47583428025245667,0.2959192991256714,-0.4750320315361023,0.9991098642349243,0.44206705689430237,0.2964952886104584,-0.46428948640823364,0.9992847442626953,0.46421200037002563,0.31454312801361084,-0.5566552877426147,0.9996692538261414,0.4514572024345398,0.313679039478302,-0.5537350177764893,0.999640703201294,0.5035297274589539,0.3457825779914856,-0.34598812460899353,0.9999062418937683,0.4118076264858246,0.34364110231399536,-0.31605786085128784,0.999906063079834,0.48773956298828125,0.4221814274787903,-0.31736689805984497,0.963216245174408,0.40835195779800415,0.41374674439430237,-0.26759958267211914,0.9465711116790771,0.4443185329437256,0.4828276038169861,-0.39456892013549805,0.9289289116859436,0.4132394790649414,0.48104327917099,-0.3378620445728302,0.9100392460823059,0.4423484206199646,0.5031312704086304,-0.43248409032821655,0.8897420167922974,0.4130105972290039,0.5071002840995789,-0.36649760603904724,0.8693500757217407,0.43294185400009155,0.4984603822231293,-0.4549122452735901,0.8925755023956299,0.4188247621059418,0.5079351663589478,-0.3997845947742462,0.8765824437141418,0.4349704682826996,0.49036461114883423,-0.4041270315647125,0.8683128952980042,0.4207681119441986,0.4972723424434662,-0.35111334919929504,0.8524381518363953,0.48538389801979065,0.4748826026916504,-0.0008077205275185406,0.9996645450592041,0.42851176857948303,0.4736780524253845,0.0008614218677394092,0.9996016025543213,0.512049674987793,0.5830153226852417,-0.031281229108572006,0.993370771408081,0.3980531394481659,0.588447630405426,-0.0311349518597126,0.9937265515327454,0.5345779657363892,0.6749749779701233,0.13152551651000977,0.9919692873954773,0.37725961208343506,0.6786128282546997,0.13898706436157227,0.9922166466712952,0.5280666351318359,0.6865143179893494,0.1395869106054306,0.8786572813987732,0.376198947429657,0.6919411420822144,0.1481291800737381,0.852770984172821,0.5514323115348816,0.7099397778511047,-0.010027569718658924,0.9855313897132874,0.35816481709480286,0.7179656028747559,0.000687187653966248,0.9842599630355835
61,0.45910605788230896,0.30543917417526245,-0.5613490343093872,0.9998823404312134,0.46424493193626404,0.29705923795700073,-0.5500941872596741,0.9997169375419617,0.467592716217041,0.2969922125339508,-0.5501301884651184,0.9996675252914429,0.4707269072532654,0.2968516945838928,-0.5501435399055481,0.9997264742851257,0.45491594076156616,0.29599547386169434,-0.5496264100074768,0.9997302889823914,0.45191439986228943,0.2952788770198822,-0.549711287021637,0.999670684337616,0.4485599994659424,0.29273784160614014,-0.5497279763221741,0.9997164011001587,0.47380295395851135,0.29760345816612244,-0.42168909311294556,0.9990507960319519,0.44358938932418823,0.294669508934021,-0.4200795590877533,0.9992145895957947,0.46488675475120544,0.31488150358200073,-0.5078684687614441,0.9996436834335327,0.452737033367157,0.31378552317619324,-0.5075184106826782,0.9996153712272644,0.5024407505989075,0.34533458948135376,-0.297305166721344,0.9999035000801086,0.4125484824180603,0.3435259461402893,-0.28131648898124695,0.9999003410339355,0.48501306772232056,0.4152490496635437,-0.2778673470020294,0.9628005623817444,0.4077475666999817,0.4143145680427551,-0.24408277869224548,0.9470117688179016,0.4468880593776703,0.4697337746620178,-0.38035696744918823,0.9291372895240784,0.41099873185157776,0.4735960066318512,-0.3277266323566437,0.9114263653755188,0.44905781745910645,0.4899103045463562,-0.41984397172927856,0.8900116086006165,0.4064364433288574,0.4949721395969391,-0.3574514389038086,0.8707326650619507,0.44546717405319214,0.4861913323402405,-0.44464167952537537,0.8928863406181335,0.4118756651878357,0.4954390525817871,-0.391210675239563,0.8780756592750549,0.4437738358974457,0.4789608120918274,-0.3917370140552521,0.8685631155967712,0.41441506147384644,0.4899178147315979,-0.34167879819869995,0.8545469045639038,0.4886658787727356,0.4724922180175781,-0.0018419161206111312,0.9996740818023682,0.4347856640815735,0.47293129563331604,0.0019329482456669211,0.999614953994751,0.5146077275276184,0.5806155800819397,-0.04545675218105316,0.993594765663147,0.4042610228061676,0.5771024227142334,-0.04515897482633591,0.9939035773277283,0.5390158891677856,0.6732814311981201,0.11256259679794312,0.992106020450592,0.3784278929233551,0.6759335994720459,0.11546725034713745,0.9924185276031494,0.5360155701637268,0.6867651343345642,0.12000636756420135,0.8783239126205444,0.38186585903167725,0.6878219246864319,0.12319634854793549,0.8536344766616821,0.5525758862495422,0.7134391665458679,-0.029377486556768417,0.9858222007751465,0.361113965511322,0.7172393202781677,-0.0245928093791008,0.9846457242965698
62,0.4598574638366699,0.29900819063186646,-0.508870542049408,0.9998802542686462,0.4657115936279297,0.29010695219039917,-0.496310293674469,0.9997168779373169,0.46907955408096313,0.290233314037323,-0.4963676333427429,0.9996672868728638,0.4728220999240875,0.2902543842792511,-0.4963959753513336,0.9997242093086243,0.45638856291770935,0.28941476345062256,-0.49516424536705017,0.9997278451919556,0.4528197646141052,0.2891790270805359,-0.49524182081222534,0.9996684789657593,0.4500964283943176,0.28871405124664307,-0.49526888132095337,0.9997131824493408,0.476984441280365,0.29231512546539307,-0.3709664046764374,0.9990541338920593,0.4439648985862732,0.29178643226623535,-0.3665313124656677,0.9992109537124634,0.46627432107925415,0.3089574873447418,-0.4574126601219177,0.9996384382247925,0.45406579971313477,0.30718186497688293,-0.4562700390815735,0.9996124505996704,0.5030845999717712,0.3459034562110901,-0.2575185000896454,0.9998973608016968,0.4126881957054138,0.34387558698654175,-0.23988156020641327,0.9998959302902222,0.4891014099121094,0.4194049835205078,-0.2348966896533966,0.9613165855407715,0.4041140675544739,0.4164466857910156,-0.20026132464408875,0.946636438369751,0.4674103856086731,0.4750562608242035,-0.3363417685031891,0.9276416897773743,0.40793362259864807,0.4750068187713623,-0.28759968280792236,0.911036491394043,0.465457022190094,0.4935709834098816,-0.3738134205341339,0.8880707025527954,0.4052587151527405,0.4989317059516907,-0.3165877163410187,0.869670569896698,0.46189889311790466,0.49064022302627563,-0.40050166845321655,0.8911954164505005,0.4117363393306732,0.4986734390258789,-0.3508780896663666,0.8773004412651062,0.458965003490448,0.4832955002784729,-0.3484702706336975,0.8669025897979736,0.41594260931015015,0.48946985602378845,-0.301837295293808,0.8542747497558594,0.4869607985019684,0.4760957360267639,-0.001684444723650813,0.9996749758720398,0.4329093098640442,0.47472280263900757,0.001780643709935248,0.9996146559715271,0.5138391852378845,0.5841517448425293,-0.030081843957304955,0.9937865734100342,0.3996659815311432,0.5798803567886353,-0.026431482285261154,0.9941175580024719,0.5361760854721069,0.6728914976119995,0.1327134221792221,0.9921499490737915,0.37716585397720337,0.6762932538986206,0.13456852734088898,0.9925400614738464,0.5313148498535156,0.6841834783554077,0.14113593101501465,0.8763107657432556,0.38035711646080017,0.6860827803611755,0.14290104806423187,0.8520922064781189,0.5523291826248169,0.7105885148048401,-0.0015317924553528428,0.9858757257461548,0.36446821689605713,0.7157586812973022,0.0007176934159360826,0.9848129153251648
63,0.45649248361587524,0.31636500358581543,-0.5807444453239441,0.9998693466186523,0.46224847435951233,0.30683284997940063,-0.5706984996795654,0.9996924996376038,0.4658200740814209,0.30645883083343506,-0.57074373960495,0.9996376037597656,0.4693688750267029,0.30580049753189087,-0.5707700252532959,0.9996984004974365,0.4518599510192871,0.3059759736061096,-0.5679563879966736,0.9997008442878723,0.4482148587703705,0.305215448141098,-0.568047046661377,0.9996333718299866,0.4451266825199127,0.3043875992298126,-0.5680719017982483,0.9996834993362427,0.4737321734428406,0.3044174313545227,-0.443683385848999,0.9989724159240723,0.44026345014572144,0.30385226011276245,-0.4319593012332916,0.9991311430931091,0.4632335603237152,0.32562363147735596,-0.5273431539535522,0.9996113777160645,0.4503568112850189,0.3236369490623474,-0.5241237282752991,0.999587893486023,0.501761794090271,0.3465999364852905,-0.3166405260562897,0.9998887181282043,0.41067928075790405,0.3456595540046692,-0.2880856990814209,0.9998907446861267,0.4858148694038391,0.4217991232872009,-0.30699050426483154,0.9608248472213745,0.4007820188999176,0.4151920676231384,-0.2581390142440796,0.9468966126441956,0.45647192001342773,0.4741285443305969,-0.4149625897407532,0.9272696375846863,0.40028709173202515,0.4735547602176666,-0.3654721975326538,0.9115459322929382,0.4515390396118164,0.49137622117996216,-0.4556346833705902,0.8877106308937073,0.3993392586708069,0.4932876527309418,-0.39819061756134033,0.870036244392395,0.4487548768520355,0.48606306314468384,-0.48051780462265015,0.8908684253692627,0.407518208026886,0.49334511160850525,-0.43070727586746216,0.8777062296867371,0.4398091435432434,0.4792102873325348,-0.42624416947364807,0.8658884167671204,0.4096511900424957,0.4850330948829651,-0.379507452249527,0.8548459410667419,0.48615512251853943,0.47311562299728394,-0.004614316858351231,0.999661922454834,0.4306657910346985,0.47374382615089417,0.004701272584497929,0.9996058344841003,0.515364408493042,0.58056640625,-0.06983821839094162,0.9939972758293152,0.405857652425766,0.5813236236572266,-0.06554019451141357,0.9942453503608704,0.5368028283119202,0.6723324060440063,0.09250523149967194,0.9924035668373108,0.3799864649772644,0.6752996444702148,0.10629381984472275,0.9927448630332947,0.53022700548172,0.6851575374603271,0.09977032989263535,0.8784870505332947,0.38281506299972534,0.6871109008789062,0.11466938257217407,0.8536824584007263,0.549569308757782,0.7111396193504333,-0.056336186826229095,0.9862662553787231,0.36109092831611633,0.7174166440963745,-0.03904851898550987,0.9851412773132324
64,0.45722270011901855,0.30664384365081787,-0.5762962698936462,0.9998676776885986,0.46277743577957153,0.2979171872138977,-0.5668280124664307,0.9996876120567322,0.4662977159023285,0.2977979779243469,-0.5668837428092957,0.9996318221092224,0.4698030352592468,0.29756903648376465,-0.5669130086898804,0.999692440032959,0.45288628339767456,0.2975625991821289,-0.5639770030975342,0.9996952414512634,0.45004281401634216,0.2971419095993042,-0.5640742778778076,0.999626874923706,0.44722121953964233,0.29669827222824097,-0.5640981197357178,0.9996775984764099,0.47489070892333984,0.2998940348625183,-0.4441317915916443,0.9989594221115112,0.4416429400444031,0.2982597351074219,-0.43237248063087463,0.9991118311882019,0.4634012281894684,0.3162570595741272,-0.524765133857727,0.9996049404144287,0.4516993463039398,0.31462445855140686,-0.5215063095092773,0.9995853304862976,0.5013257265090942,0.3471798002719879,-0.32297608256340027,0.9998847842216492,0.411129891872406,0.3446890711784363,-0.2873840630054474,0.9998897910118103,0.48474234342575073,0.420909583568573,-0.30617430806159973,0.9611184597015381,0.40181785821914673,0.41328081488609314,-0.2528194785118103,0.9470255374908447,0.4546721875667572,0.47485002875328064,-0.39766252040863037,0.9279725551605225,0.4023294448852539,0.47106248140335083,-0.34607523679733276,0.9125163555145264,0.4499090611934662,0.49171414971351624,-0.4360538125038147,0.8885541558265686,0.39981943368911743,0.49032479524612427,-0.3758181035518646,0.8711124658584595,0.44703298807144165,0.48694881796836853,-0.46032828092575073,0.8916769623756409,0.406979501247406,0.49069613218307495,-0.4083613455295563,0.8788140416145325,0.43627864122390747,0.47789883613586426,-0.40842634439468384,0.8664923906326294,0.40867099165916443,0.48233288526535034,-0.35983744263648987,0.8564023375511169,0.4856143593788147,0.47035521268844604,-0.00700676953420043,0.9996610283851624,0.42993101477622986,0.4707280695438385,0.007093430962413549,0.9996088743209839,0.5127299427986145,0.5762909650802612,-0.06537606567144394,0.994181752204895,0.40691977739334106,0.5783227682113647,-0.05449482798576355,0.9943771958351135,0.5366542339324951,0.6677315831184387,0.09033910930156708,0.9925870299339294,0.38044440746307373,0.6755999326705933,0.1070685163140297,0.9929330945014954,0.530912458896637,0.680574893951416,0.09758078306913376,0.8790668845176697,0.3841376006603241,0.6878082752227783,0.11498607695102692,0.8552999496459961,0.5491325855255127,0.7076913118362427,-0.052719272673130035,0.9865424036979675,0.35892361402511597,0.715888261795044,-0.03361554071307182,0.9854559302330017
65,0.45964473485946655,0.3136071264743805,-0.5965916514396667,0.9998682737350464,0.4653121829032898,0.3036814332008362,-0.5860442519187927,0.999690055847168,0.4686417579650879,0.30326372385025024,-0.5860975980758667,0.9996346831321716,0.472001850605011,0.3026915192604065,-0.5861201882362366,0.9996932148933411,0.4553035795688629,0.3028247356414795,-0.5848212242126465,0.9996989965438843,0.45194846391677856,0.30201366543769836,-0.5849315524101257,0.9996325373649597,0.4488121569156647,0.29998642206192017,-0.584956169128418,0.9996819496154785,0.4764600694179535,0.30233287811279297,-0.4581482410430908,0.9989760518074036,0.44318094849586487,0.30202925205230713,-0.4531291127204895,0.9991265535354614,0.46561819314956665,0.32297495007514954,-0.5429083704948425,0.9996081590652466,0.4537282884120941,0.3210495114326477,-0.5416889786720276,0.9995927214622498,0.5035521388053894,0.350338339805603,-0.32899248600006104,0.999880850315094,0.4121460020542145,0.34590762853622437,-0.3089619278907776,0.9998893141746521,0.4905105233192444,0.42315489053726196,-0.3133086562156677,0.9611167907714844,0.4001254141330719,0.4150315225124359,-0.27902379631996155,0.9463295936584473,0.4554601311683655,0.4745022654533386,-0.412092387676239,0.9266669154167175,0.39610370993614197,0.4682837128639221,-0.37195730209350586,0.910707950592041,0.44820436835289,0.4912022650241852,-0.450417697429657,0.8861615657806396,0.3879316449165344,0.48846858739852905,-0.4024009108543396,0.8687909841537476,0.44426149129867554,0.48600393533706665,-0.4733067452907562,0.8892235159873962,0.3952476680278778,0.4868258535861969,-0.4355490803718567,0.8766708970069885,0.4440230429172516,0.47918710112571716,-0.422570139169693,0.863196849822998,0.4016924798488617,0.4773674011230469,-0.3859705328941345,0.8542044758796692,0.48468583822250366,0.4728327691555023,-0.001275293412618339,0.9996634721755981,0.4294179379940033,0.4698549211025238,0.0014185599284246564,0.9996176958084106,0.512910783290863,0.575761079788208,-0.07934508472681046,0.9941997528076172,0.4003375172615051,0.5786007642745972,-0.07897496223449707,0.9944407939910889,0.5360615253448486,0.6668090224266052,0.08600334078073502,0.9924905896186829,0.38083070516586304,0.6753435134887695,0.07806548476219177,0.9930811524391174,0.5308629274368286,0.6797316670417786,0.09407708048820496,0.8787099719047546,0.38625478744506836,0.6851842999458313,0.08535634726285934,0.8576551675796509,0.5495391488075256,0.7064583897590637,-0.05604289099574089,0.9864605069160461,0.36257630586624146,0.7137444019317627,-0.06769262254238129,0.9857184290885925
66,0.459711492061615,0.31481754779815674,-0.6242262125015259,0.9998663663864136,0.4651423394680023,0.30592164397239685,-0.6148239374160767,0.9996856451034546,0.4685010015964508,0.30557888746261597,-0.6148692965507507,0.9996281862258911,0.47179991006851196,0.3050757646560669,-0.6148891448974609,0.9996870756149292,0.455437570810318,0.3051607608795166,-0.6140788197517395,0.999697208404541,0.45224541425704956,0.30437928438186646,-0.6141919493675232,0.9996305108070374,0.44876569509506226,0.30368974804878235,-0.6142175197601318,0.999680757522583,0.47622591257095337,0.3039427399635315,-0.48644524812698364,0.9989655017852783,0.44418126344680786,0.30146676301956177,-0.48349905014038086,0.9991257190704346,0.465684711933136,0.3242815136909485,-0.5696818828582764,0.9996047616004944,0.45388975739479065,0.32248377799987793,-0.5690730214118958,0.9995951652526855,0.5037935972213745,0.3492700457572937,-0.3478809893131256,0.9998774528503418,0.41222959756851196,0.3437717854976654,-0.33459487557411194,0.9998902082443237,0.48998746275901794,0.42321619391441345,-0.3162115514278412,0.9609994292259216,0.4005183279514313,0.4136846661567688,-0.2931307852268219,0.9459171891212463,0.45248231291770935,0.47629696130752563,-0.3982298672199249,0.9255357384681702,0.39698490500450134,0.4721631407737732,-0.3714553117752075,0.9089858531951904,0.4452834725379944,0.49399882555007935,-0.4346570074558258,0.884210467338562,0.38968196511268616,0.49379363656044006,-0.4009612202644348,0.8665646314620972,0.44154953956604004,0.4891086220741272,-0.45971623063087463,0.88723224401474,0.39471501111984253,0.4895680844783783,-0.4341927170753479,0.874560534954071,0.4335201382637024,0.4762488305568695,-0.4091150760650635,0.8606272339820862,0.4019951820373535,0.4829171299934387,-0.38495105504989624,0.8520293235778809,0.48413434624671936,0.4700712263584137,0.0018616709858179092,0.9996593594551086,0.4286811947822571,0.4680861532688141,-0.0017501998227089643,0.9996224045753479,0.5133092403411865,0.5772619247436523,-0.06126154586672783,0.9940798878669739,0.4007449746131897,0.5760047435760498,-0.06894049793481827,0.9944059252738953,0.5352451801300049,0.6663814783096313,0.11289067566394806,0.9923534989356995,0.3807251453399658,0.6752490997314453,0.09650637954473495,0.9931677579879761,0.5322599411010742,0.6784712672233582,0.12165339291095734,0.8780158758163452,0.3857511878013611,0.6856817603111267,0.1044076532125473,0.8590449094772339,0.5491313338279724,0.7041263580322266,-0.026696881279349327,0.9862397909164429,0.3613443970680237,0.7127629518508911,-0.048134367913007736,0.985816478729248
67,0.4606066644191742,0.3110635280609131,-0.4968094229698181,0.999859631061554,0.4655264914035797,0.30226537585258484,-0.48374468088150024,0.9996718764305115,0.46878767013549805,0.3019389510154724,-0.4837731719017029,0.9996120929718018,0.47193655371665955,0.301567018032074,-0.483801931142807,0.9996687173843384,0.4562297761440277,0.3017531633377075,-0.4836701452732086,0.9996823072433472,0.4534311890602112,0.2989357113838196,-0.48376530408859253,0.999613881111145,0.4497273564338684,0.29848283529281616,-0.48378968238830566,0.9996647238731384,0.4756845533847809,0.3026922643184662,-0.357401579618454,0.9989264011383057,0.44490259885787964,0.30270740389823914,-0.3574380874633789,0.9990907311439514,0.4665223956108093,0.3213053047657013,-0.4450569748878479,0.9995954632759094,0.4551336169242859,0.3198387920856476,-0.4452227056026459,0.9995923638343811,0.5033814311027527,0.3502225875854492,-0.23404090106487274,0.9998727440834045,0.41446247696876526,0.34794479608535767,-0.23314082622528076,0.9998882412910461,0.4917163848876953,0.4212265610694885,-0.19584374129772186,0.9577092528343201,0.398672878742218,0.4127933382987976,-0.1918531209230423,0.9447169899940491,0.4742550849914551,0.46989578008651733,-0.29403290152549744,0.9191860556602478,0.39279723167419434,0.4642578661441803,-0.2835281193256378,0.905154287815094,0.4723912179470062,0.48629751801490784,-0.3264034390449524,0.8765084743499756,0.383545845746994,0.48465752601623535,-0.31147652864456177,0.8615477681159973,0.4705343246459961,0.4822748303413391,-0.3569357991218567,0.8799548745155334,0.39073213934898376,0.48450517654418945,-0.345742791891098,0.8698180913925171,0.4683850407600403,0.475774347782135,-0.3073676526546478,0.8524020314216614,0.3950040340423584,0.47487401962280273,-0.2977079153060913,0.8467702865600586,0.4864200949668884,0.4794323444366455,0.0033349567092955112,0.9996418952941895,0.43111854791641235,0.47656649351119995,-0.003204650478437543,0.9996184706687927,0.5154096484184265,0.5821254849433899,-0.05037771910429001,0.9941778182983398,0.3974088728427887,0.5821837186813354,-0.07548552751541138,0.9946086406707764,0.5348177552223206,0.6694999933242798,0.13225066661834717,0.9923208951950073,0.38145673274993896,0.6758846640586853,0.08086181432008743,0.9934253692626953,0.5310724973678589,0.682152509689331,0.14208491146564484,0.8793989419937134,0.3880343437194824,0.6893414258956909,0.08787506818771362,0.8642466068267822,0.5512082576751709,0.7080585360527039,0.0017184542957693338,0.9861745834350586,0.36016198992729187,0.714635968208313,-0.06137336045503616,0.9862763285636902
68,0.4589040279388428,0.3139726519584656,-0.5754609704017639,0.9998477697372437,0.4644842743873596,0.30434948205947876,-0.5627185702323914,0.9996452331542969,0.46794015169143677,0.303985059261322,-0.5627616047859192,0.9995800852775574,0.47131022810935974,0.30351975560188293,-0.5627830028533936,0.9996373057365417,0.45438605546951294,0.3039059042930603,-0.5621957778930664,0.9996603727340698,0.45098963379859924,0.30336514115333557,-0.562313973903656,0.9995884895324707,0.4474339485168457,0.30290675163269043,-0.5623475313186646,0.9996426701545715,0.47565802931785583,0.3038210868835449,-0.42919033765792847,0.998847484588623,0.44263404607772827,0.30372217297554016,-0.42725855112075806,0.9990484118461609,0.4653288722038269,0.3241523802280426,-0.5200417637825012,0.9995737075805664,0.45310792326927185,0.32277190685272217,-0.519690990447998,0.9995777606964111,0.5035408139228821,0.35015469789505005,-0.30251771211624146,0.9998631477355957,0.41171950101852417,0.3487775921821594,-0.29049694538116455,0.9998871088027954,0.4915214478969574,0.42475777864456177,-0.3073469400405884,0.9558955430984497,0.39512789249420166,0.41831788420677185,-0.29401546716690063,0.9439445734024048,0.4538077712059021,0.469116747379303,-0.4362003803253174,0.9144803881645203,0.39849209785461426,0.47016048431396484,-0.43232887983322144,0.9026657938957214,0.44546180963516235,0.48433536291122437,-0.4799485206604004,0.8700119256973267,0.3925905227661133,0.485069215297699,-0.4715828001499176,0.8584834933280945,0.4425693154335022,0.47768107056617737,-0.5019168257713318,0.873400866985321,0.4018079340457916,0.4856177270412445,-0.5003635287284851,0.8667951226234436,0.44320183992385864,0.4715973734855652,-0.4472437798976898,0.8437607288360596,0.40330320596694946,0.4736953377723694,-0.44581907987594604,0.8429945111274719,0.4866271913051605,0.476640522480011,0.0002785648393910378,0.9996328949928284,0.43097490072250366,0.4764360785484314,-0.00016223637794610113,0.9996222257614136,0.5142237544059753,0.5796822309494019,-0.07445980608463287,0.9942307472229004,0.3987647294998169,0.582818865776062,-0.07707265019416809,0.9945991039276123,0.5368353724479675,0.671994686126709,0.11340633779764175,0.9921796917915344,0.37891799211502075,0.6806741952896118,0.09971072524785995,0.9934828281402588,0.5329879522323608,0.6845934391021729,0.12316463887691498,0.8795554041862488,0.38338518142700195,0.6924200057983398,0.10830535739660263,0.8660491108894348,0.5511417388916016,0.7074664235115051,-0.031018223613500595,0.9859842658042908,0.3558477759361267,0.7163139581680298,-0.049785859882831573,0.9863368272781372
69,0.455493301153183,0.3110833764076233,-0.5006093382835388,0.9998414516448975,0.4613916873931885,0.30163487792015076,-0.4876895844936371,0.999636709690094,0.46485987305641174,0.30127784609794617,-0.4877132475376129,0.9995715022087097,0.4683815538883209,0.300752729177475,-0.4877484440803528,0.9996259212493896,0.45054611563682556,0.30209994316101074,-0.4876994490623474,0.9996543526649475,0.4464505612850189,0.30211275815963745,-0.4878128170967102,0.9995840191841125,0.4433508515357971,0.3018530309200287,-0.48785632848739624,0.9996368288993835,0.47137314081192017,0.30350154638290405,-0.36134928464889526,0.9988454580307007,0.43806561827659607,0.3051978647708893,-0.3619101941585541,0.999051034450531,0.46323269605636597,0.3215290904045105,-0.44854289293289185,0.9995681047439575,0.4490085244178772,0.32118427753448486,-0.44891613721847534,0.9995729327201843,0.501507580280304,0.35245463252067566,-0.24185867607593536,0.9998557567596436,0.40884846448898315,0.3509848713874817,-0.23781248927116394,0.9998847246170044,0.4926290512084961,0.42492741346359253,-0.21466079354286194,0.9512754678726196,0.3975794315338135,0.4204515516757965,-0.22963304817676544,0.9397069811820984,0.46997493505477905,0.4683534502983093,-0.3075386881828308,0.9048532843589783,0.3932647705078125,0.46878379583358765,-0.3476197123527527,0.8950251936912537,0.4659251570701599,0.48268118500709534,-0.33838769793510437,0.8585740327835083,0.38863229751586914,0.4889933466911316,-0.3806298077106476,0.850183367729187,0.4643595218658447,0.47829753160476685,-0.3662300705909729,0.8626344799995422,0.3944113254547119,0.4872681498527527,-0.40920504927635193,0.8589915037155151,0.46313077211380005,0.4723964333534241,-0.319876104593277,0.832312285900116,0.39907097816467285,0.4807635247707367,-0.36063069105148315,0.834882915019989,0.48440489172935486,0.4786710739135742,0.0006302276160567999,0.999625563621521,0.4282127320766449,0.47801169753074646,-0.0005255296127870679,0.9996203780174255,0.5155583620071411,0.585150420665741,-0.04803858697414398,0.9943497180938721,0.3972228467464447,0.5857585668563843,-0.04754896089434624,0.9946672320365906,0.5378732085227966,0.6719392538070679,0.11760178953409195,0.9921351075172424,0.3803199827671051,0.6779902577400208,0.10650096088647842,0.9935523271560669,0.5337175726890564,0.6835587024688721,0.1260172724723816,0.8795395493507385,0.38440656661987305,0.6892977356910706,0.11353503167629242,0.868000328540802,0.5498319864273071,0.7101947069168091,-0.01817527785897255,0.9858971238136292,0.35923945903778076,0.7159472107887268,-0.03363078087568283,0.9864230751991272
70,0.4566975235939026,0.3132343292236328,-0.5708757042884827,0.9998384714126587,0.4624345898628235,0.30287402868270874,-0.5593652129173279,0.9996324181556702,0.4660819172859192,0.3024929165840149,-0.559410810470581,0.999565064907074,0.4695207476615906,0.3020753264427185,-0.5594486594200134,0.9996200799942017,0.45185962319374084,0.30276554822921753,-0.5582166314125061,0.9996512532234192,0.44830140471458435,0.30233824253082275,-0.5583270192146301,0.9995796084403992,0.44440406560897827,0.3019668459892273,-0.5583503842353821,0.9996330142021179,0.4735681414604187,0.3036777973175049,-0.4289734959602356,0.9988474249839783,0.43911832571029663,0.3037426769733429,-0.4243972897529602,0.9990488290786743,0.46315351128578186,0.32383954524993896,-0.5165156126022339,0.9995700716972351,0.45007890462875366,0.32223963737487793,-0.5154607892036438,0.99957674741745,0.5010079741477966,0.3510812520980835,-0.30460479855537415,0.9998555779457092,0.4083957076072693,0.35042712092399597,-0.2809062898159027,0.9998835921287537,0.48981142044067383,0.4257499575614929,-0.29643514752388,0.9515588879585266,0.397587388753891,0.4182906746864319,-0.26096925139427185,0.937836766242981,0.45162972807884216,0.4691563546657562,-0.4088689684867859,0.9041960835456848,0.3877011239528656,0.47255510091781616,-0.37438151240348816,0.891403079032898,0.4431023597717285,0.4845810830593109,-0.4493557810783386,0.8574098348617554,0.3841641843318939,0.49502643942832947,-0.40720000863075256,0.8460021615028381,0.4397658407688141,0.4780605733394623,-0.47054094076156616,0.8613737225532532,0.3900165855884552,0.49338215589523315,-0.4397999346256256,0.8550072908401489,0.44028472900390625,0.4718838334083557,-0.418928325176239,0.8300889134407043,0.3948010802268982,0.4862223267555237,-0.3886646628379822,0.8303966522216797,0.4846453070640564,0.48060113191604614,-0.003933135420084,0.9996245503425598,0.4283464848995209,0.48054879903793335,0.004034805577248335,0.9996206164360046,0.5151457190513611,0.5872824192047119,-0.0646824985742569,0.994464099407196,0.3963642716407776,0.5881550908088684,-0.05767850950360298,0.9947119355201721,0.537682294845581,0.6762275695800781,0.12859678268432617,0.9921240210533142,0.37744536995887756,0.6819316744804382,0.1272796392440796,0.993625819683075,0.5337928533554077,0.6901143193244934,0.1391296684741974,0.8799503445625305,0.3817824721336365,0.693240761756897,0.13684722781181335,0.8696405291557312,0.5529828667640686,0.7127528786659241,-0.011413974687457085,0.9858236312866211,0.3572109341621399,0.7173616290092468,-0.015371833927929401,0.9864633083343506
71,0.4566264748573303,0.30319952964782715,-0.44703763723373413,0.9998419284820557,0.46243420243263245,0.29457271099090576,-0.4326462149620056,0.9996423125267029,0.4660273492336273,0.2941840887069702,-0.4326673150062561,0.9995763301849365,0.46947044134140015,0.29388004541397095,-0.4327061176300049,0.9996287226676941,0.4527781903743744,0.2953418791294098,-0.431104838848114,0.9996587038040161,0.4496484696865082,0.29532143473625183,-0.43116241693496704,0.9995888471603394,0.4465361535549164,0.29519420862197876,-0.4311743378639221,0.9996397495269775,0.474631130695343,0.29584455490112305,-0.30845510959625244,0.9988810420036316,0.44085535407066345,0.29746466875076294,-0.30171629786491394,0.9990698099136353,0.4633153975009918,0.3124012351036072,-0.3972018361091614,0.999576210975647,0.4506482183933258,0.3114909529685974,-0.3954315185546875,0.999582052230835,0.5008391737937927,0.3459395170211792,-0.19607041776180267,0.9998518228530884,0.41152819991111755,0.3456050753593445,-0.18294885754585266,0.9998791217803955,0.4921635687351227,0.41674160957336426,-0.16186867654323578,0.9498686194419861,0.3923715353012085,0.41257649660110474,-0.14387322962284088,0.9377996325492859,0.5026107430458069,0.4661164879798889,-0.268034428358078,0.9040387272834778,0.37355419993400574,0.46627098321914673,-0.2484608143568039,0.892956554889679,0.5086745619773865,0.48106804490089417,-0.2986009418964386,0.8578377962112427,0.36252561211586,0.48449987173080444,-0.2750368118286133,0.8478488922119141,0.5077342391014099,0.4794260859489441,-0.3347589373588562,0.8624760508537292,0.36858421564102173,0.4850427508354187,-0.3146539628505707,0.8572142124176025,0.5018319487571716,0.47355717420578003,-0.28423944115638733,0.832566499710083,0.37325435876846313,0.4755314886569977,-0.26571670174598694,0.8336235284805298,0.48271283507347107,0.47783318161964417,-0.0020441911183297634,0.9996253848075867,0.42812076210975647,0.47802773118019104,0.0021568152587860823,0.9996193647384644,0.5153831243515015,0.5806318521499634,-0.041286252439022064,0.9946474432945251,0.39600127935409546,0.5879207849502563,-0.026514893397688866,0.9949449896812439,0.5373743176460266,0.6737151145935059,0.1257503628730774,0.992318332195282,0.37660524249076843,0.6819378137588501,0.12555047869682312,0.9938413500785828,0.5314831137657166,0.6864237785339355,0.13395144045352936,0.8810093402862549,0.3785874545574188,0.6924481987953186,0.13200564682483673,0.8713114261627197,0.5516594648361206,0.7103833556175232,-0.008122952654957771,0.9860582947731018,0.357656866312027,0.7189046740531921,-0.013324001803994179,0.9868035316467285
72,0.45660942792892456,0.2989581823348999,-0.4146488606929779,0.9998422265052795,0.46254047751426697,0.2912355661392212,-0.3985077142715454,0.9996457099914551,0.4656897187232971,0.2915346324443817,-0.3985498547554016,0.9995779991149902,0.46912330389022827,0.2917594909667969,-0.3986034393310547,0.9996297359466553,0.4526785910129547,0.29075372219085693,-0.39943042397499084,0.9996605515480042,0.4484940469264984,0.29068905115127563,-0.3994903266429901,0.9995915293693542,0.4453369081020355,0.2902710437774658,-0.39949822425842285,0.9996415376663208,0.4718445837497711,0.29452455043792725,-0.2711936831474304,0.9988954067230225,0.4384310841560364,0.2935764491558075,-0.2766187787055969,0.9990755319595337,0.4629209041595459,0.30954205989837646,-0.36421558260917664,0.999577522277832,0.4493478834629059,0.30795273184776306,-0.36588147282600403,0.9995843172073364,0.4955468773841858,0.3473780155181885,-0.1642751395702362,0.9998455047607422,0.40688028931617737,0.3426756262779236,-0.1649850755929947,0.9998740553855896,0.48875823616981506,0.4182504117488861,-0.11864634603261948,0.9463913440704346,0.38851025700569153,0.41012272238731384,-0.13696199655532837,0.9373897314071655,0.4998486638069153,0.47809648513793945,-0.22001370787620544,0.9006563425064087,0.36896905303001404,0.46299830079078674,-0.2534094452857971,0.8942033052444458,0.5065808296203613,0.4955368936061859,-0.24905440211296082,0.8538094758987427,0.3620792031288147,0.4773760437965393,-0.28268691897392273,0.849145233631134,0.5059975385665894,0.49454936385154724,-0.28850463032722473,0.8595422506332397,0.36646804213523865,0.4738752245903015,-0.3196465075016022,0.8588700890541077,0.49995359778404236,0.48772233724594116,-0.23750677704811096,0.8305841684341431,0.37229233980178833,0.4699714779853821,-0.26990941166877747,0.8359100818634033,0.4832865595817566,0.4789195954799652,0.00029701279709115624,0.9996283054351807,0.4277955889701843,0.4811142086982727,-0.00020240331650711596,0.9996275305747986,0.514999508857727,0.5825551748275757,-0.04691988229751587,0.9949603080749512,0.398198664188385,0.5876660346984863,-0.034277595579624176,0.9952428936958313,0.5366847515106201,0.6776530742645264,0.13267679512500763,0.9926905632019043,0.376118004322052,0.6828099489212036,0.1284853219985962,0.994198203086853,0.5321157574653625,0.6899495124816895,0.14202433824539185,0.8847163915634155,0.38080769777297974,0.6941361427307129,0.1356530338525772,0.8763068318367004,0.554684579372406,0.713397741317749,0.00015229795826599002,0.9866319298744202,0.3561660051345825,0.7153671979904175,-0.011428054422140121,0.9874501824378967
73,0.4569218158721924,0.30144035816192627,-0.46935397386550903,0.999841570854187,0.46209317445755005,0.29377973079681396,-0.45384877920150757,0.9996496438980103,0.4650162160396576,0.2938016355037689,-0.45387083292007446,0.9995813965797424,0.46834343671798706,0.29373037815093994,-0.4539130628108978,0.9996305704116821,0.45355135202407837,0.29406309127807617,-0.45529550313949585,0.9996632933616638,0.44991999864578247,0.2942746877670288,-0.4553854465484619,0.9995953440666199,0.44695645570755005,0.2940608859062195,-0.4554011821746826,0.9996427297592163,0.470759779214859,0.2983243763446808,-0.3214392364025116,0.9989116787910461,0.4398495554924011,0.2966727614402771,-0.32925620675086975,0.999089241027832,0.4622238278388977,0.3107680082321167,-0.415914922952652,0.9995710253715515,0.4498964250087738,0.3102465271949768,-0.4182988703250885,0.999578058719635,0.4941965639591217,0.34902265667915344,-0.2027672529220581,0.9998303651809692,0.4092310070991516,0.34484875202178955,-0.20755788683891296,0.9998621344566345,0.4895869791507721,0.41818666458129883,-0.16089388728141785,0.9391700029373169,0.3866907060146332,0.4132743775844574,-0.18520322442054749,0.9345640540122986,0.5048716068267822,0.47837409377098083,-0.27087390422821045,0.8917979001998901,0.36478981375694275,0.4615708291530609,-0.3020634055137634,0.890675961971283,0.5124269127845764,0.49573493003845215,-0.30144602060317993,0.8453598022460938,0.3534872829914093,0.4777712821960449,-0.3327309787273407,0.8458056449890137,0.5110146403312683,0.49446335434913635,-0.3409937024116516,0.8524385690689087,0.3590382933616638,0.47754067182540894,-0.37245476245880127,0.8563398122787476,0.5047338008880615,0.4878140985965729,-0.2888161540031433,0.8244631886482239,0.36332905292510986,0.47039246559143066,-0.31991323828697205,0.8341915011405945,0.48372191190719604,0.4780041575431824,0.0011366191320121288,0.9996148943901062,0.42849570512771606,0.47964930534362793,-0.0010295773390680552,0.9996114373207092,0.5149682760238647,0.5832490921020508,-0.031057680025696754,0.9948979616165161,0.3977678418159485,0.58631831407547,-0.03072560392320156,0.9951483011245728,0.5380488038063049,0.6791563630104065,0.1287120282649994,0.9925317168235779,0.3761514723300934,0.6800519227981567,0.12399101257324219,0.9939886331558228,0.5323165655136108,0.6937603950500488,0.1363183706998825,0.883366584777832,0.3773966431617737,0.6915414333343506,0.1310601532459259,0.8747169971466064,0.5546437501907349,0.7127068042755127,-0.007921936921775341,0.9861908555030823,0.35840940475463867,0.7140440940856934,-0.013250766322016716,0.9869146347045898
74,0.4559173583984375,0.3066604435443878,-0.44845566153526306,0.9998418688774109,0.4615097939968109,0.29845595359802246,-0.4334838390350342,0.9996539950370789,0.46453285217285156,0.29855746030807495,-0.4334993362426758,0.9995856881141663,0.46759772300720215,0.29867225885391235,-0.4335421025753021,0.9996333718299866,0.45196303725242615,0.2983819246292114,-0.4338792860507965,0.999665379524231,0.44882145524024963,0.2981264889240265,-0.43395671248435974,0.9995977878570557,0.44580039381980896,0.29631686210632324,-0.4339664578437805,0.9996434450149536,0.47065871953964233,0.30045825242996216,-0.3038771450519562,0.9989293813705444,0.43883928656578064,0.2998485565185547,-0.3068118393421173,0.9990951418876648,0.4612360894680023,0.3165559470653534,-0.3961625099182129,0.9995700120925903,0.4486244320869446,0.31576794385910034,-0.3971388339996338,0.999576210975647,0.4946504235267639,0.349476158618927,-0.1891731321811676,0.9998259544372559,0.40804919600486755,0.34510982036590576,-0.18564650416374207,0.9998573660850525,0.48942989110946655,0.4171411395072937,-0.15159840881824493,0.9352262020111084,0.38684356212615967,0.41233009099960327,-0.16061130166053772,0.9331130981445312,0.49949997663497925,0.47480684518814087,-0.2651331126689911,0.8885344862937927,0.363565057516098,0.4605780243873596,-0.28277361392974854,0.8903224468231201,0.5063768029212952,0.49113696813583374,-0.2963561713695526,0.8427860140800476,0.35177963972091675,0.4762629568576813,-0.31298866868019104,0.8459753394126892,0.5056586861610413,0.4892718195915222,-0.334868848323822,0.8507554531097412,0.35594701766967773,0.4760764241218567,-0.35225963592529297,0.8569734692573547,0.49957185983657837,0.48298412561416626,-0.2825718820095062,0.8235822916030884,0.3624648153781891,0.46899548172950745,-0.30049529671669006,0.8354980945587158,0.48423486948013306,0.47873368859291077,-0.0010053031146526337,0.999613881111145,0.42816558480262756,0.4821387231349945,0.001105011091567576,0.9996111989021301,0.514788031578064,0.5841280221939087,-0.0372176393866539,0.9949803948402405,0.39771169424057007,0.5871267914772034,-0.028846923261880875,0.9952208399772644,0.5387110710144043,0.6764191389083862,0.13026557862758636,0.9925823211669922,0.37592124938964844,0.6810290217399597,0.12750229239463806,0.994059681892395,0.534756064414978,0.6876499652862549,0.13853996992111206,0.8840152025222778,0.37823447585105896,0.6941090226173401,0.13439562916755676,0.8759620785713196,0.5535991787910461,0.7131708264350891,-0.00485417153686285,0.9862233996391296,0.35749351978302,0.7162829637527466,-0.011296164244413376,0.9870077967643738
75,0.45586615800857544,0.3022077679634094,-0.41353660821914673,0.9998421669006348,0.4609777331352234,0.29468148946762085,-0.39668676257133484,0.9996594786643982,0.463886559009552,0.29457545280456543,-0.3966900706291199,0.9995909333229065,0.466878741979599,0.2944859564304352,-0.39671242237091064,0.9996376633644104,0.45265254378318787,0.29528382420539856,-0.39839473366737366,0.9996703863143921,0.4494141936302185,0.29547250270843506,-0.3984743356704712,0.9996042847633362,0.446526437997818,0.29536813497543335,-0.3984684646129608,0.9996485710144043,0.4692620635032654,0.29855841398239136,-0.26459386944770813,0.9989455342292786,0.4399973452091217,0.2980324923992157,-0.2734026610851288,0.9991100430488586,0.4613543152809143,0.31136831641197205,-0.3609406054019928,0.999566376209259,0.4491634964942932,0.31128495931625366,-0.36359724402427673,0.9995728135108948,0.49360162019729614,0.34919440746307373,-0.15375037491321564,0.9998226761817932,0.4093242287635803,0.34613940119743347,-0.15828630328178406,0.9998555779457092,0.48630160093307495,0.41613808274269104,-0.11430130153894424,0.9299729466438293,0.38975149393081665,0.4147107005119324,-0.1393514722585678,0.9316337704658508,0.4997584819793701,0.4729433059692383,-0.23283080756664276,0.8851019740104675,0.36121296882629395,0.4578842222690582,-0.2738751471042633,0.8915436863899231,0.5081612467765808,0.48901671171188354,-0.2637712359428406,0.8405147790908813,0.34859421849250793,0.4700256288051605,-0.3066898286342621,0.8485499620437622,0.5075821876525879,0.4880797863006592,-0.3045104146003723,0.849382221698761,0.35146868228912354,0.47056570649147034,-0.34681710600852966,0.8598369359970093,0.5009164810180664,0.48176664113998413,-0.2514774799346924,0.823246419429779,0.35771167278289795,0.466718852519989,-0.2923282980918884,0.8391039967536926,0.48477309942245483,0.47669535875320435,0.0014353609876707196,0.9996161460876465,0.4304174482822418,0.4788994789123535,-0.0013371420791372657,0.9996165037155151,0.5148349404335022,0.5822858810424805,-0.038541004061698914,0.994960367679596,0.39780327677726746,0.5858746767044067,-0.03611490875482559,0.9951996803283691,0.537268340587616,0.6786086559295654,0.11840442568063736,0.992500364780426,0.37700918316841125,0.6809448003768921,0.10955467075109482,0.9940142631530762,0.5313286781311035,0.6914054155349731,0.12550826370716095,0.88362056016922,0.37847062945365906,0.6954262256622314,0.11528964340686798,0.875827431678772,0.5544779896736145,0.7122701406478882,-0.017402805387973785,0.986028254032135,0.35735851526260376,0.7166935205459595,-0.030019771307706833,0.9868590831756592
76,0.4564491808414459,0.29864227771759033,-0.3961363136768341,0.9998368620872498,0.46174341440200806,0.29101306200027466,-0.3805040121078491,0.9996547102928162,0.4646613597869873,0.29096972942352295,-0.3805101215839386,0.9995845556259155,0.46765202283859253,0.2909082770347595,-0.38052693009376526,0.9996293187141418,0.4534567892551422,0.2915648818016052,-0.3808310627937317,0.9996653199195862,0.4499603807926178,0.2918606996536255,-0.38090765476226807,0.9996002316474915,0.44722676277160645,0.29172956943511963,-0.38090643286705017,0.9996429085731506,0.4707458019256592,0.29361459612846375,-0.2543015480041504,0.9989395141601562,0.4403771460056305,0.2952059507369995,-0.25694116950035095,0.999107837677002,0.46195918321609497,0.30793729424476624,-0.34555351734161377,0.9995546936988831,0.45007142424583435,0.30765360593795776,-0.34640738368034363,0.9995627999305725,0.4932813048362732,0.3462451696395874,-0.149929478764534,0.9998202323913574,0.40888524055480957,0.3441319763660431,-0.1425139456987381,0.9998564720153809,0.4862878918647766,0.41470569372177124,-0.11127088963985443,0.9255064129829407,0.3915254771709442,0.4114263653755188,-0.12402726709842682,0.9294695258140564,0.4993526339530945,0.4728008210659027,-0.22328567504882812,0.8812395334243774,0.36493387818336487,0.45706242322921753,-0.2584174871444702,0.8914927244186401,0.5068413615226746,0.4893471598625183,-0.2540190517902374,0.837655246257782,0.35243821144104004,0.468677282333374,-0.2907883822917938,0.8496994376182556,0.5058662295341492,0.4879184663295746,-0.29399970173835754,0.847366988658905,0.3546206057071686,0.46959471702575684,-0.33031198382377625,0.8613454699516296,0.49964219331741333,0.48141956329345703,-0.24139495193958282,0.8222668766975403,0.3607768714427948,0.4661826193332672,-0.2767236828804016,0.8414830565452576,0.4851928651332855,0.4762360453605652,-0.0025592839810997248,0.9996199607849121,0.4302990436553955,0.47700586915016174,0.002640778897330165,0.999622642993927,0.5138840675354004,0.5814712643623352,-0.04458121582865715,0.9948075413703918,0.39929983019828796,0.5803543329238892,-0.03676953166723251,0.9949991703033447,0.5371954441070557,0.6770411729812622,0.09821248799562454,0.9922227263450623,0.375613808631897,0.6809917092323303,0.09362448006868362,0.9937618374824524,0.533211886882782,0.6908049583435059,0.10407495498657227,0.8809800744056702,0.3752850890159607,0.6953206658363342,0.09814132004976273,0.8740566968917847,0.5521225929260254,0.7115991115570068,-0.036658577620983124,0.9854772686958313,0.3582249879837036,0.7149933576583862,-0.04302672669291496,0.986327052116394
77,0.45533400774002075,0.30034977197647095,-0.34804636240005493,0.9998376369476318,0.4610373377799988,0.29234135150909424,-0.3314221203327179,0.9996604919433594,0.46397918462753296,0.29232269525527954,-0.3314002752304077,0.9995896220207214,0.46698427200317383,0.29228681325912476,-0.33139604330062866,0.9996328949928284,0.45243406295776367,0.2924457788467407,-0.3315219283103943,0.9996703267097473,0.44907182455062866,0.2924078106880188,-0.33157438039779663,0.9996060132980347,0.4461022913455963,0.29217079281806946,-0.33156025409698486,0.9996470808982849,0.46993738412857056,0.2955470085144043,-0.2061367928981781,0.9989560842514038,0.440019428730011,0.2945729196071625,-0.20777621865272522,0.9991240501403809,0.4606700539588928,0.31038060784339905,-0.2982475757598877,0.9995521903038025,0.4483370780944824,0.30981916189193726,-0.2988576889038086,0.9995623826980591,0.49299949407577515,0.345853328704834,-0.1112104207277298,0.9998186230659485,0.4110024869441986,0.33965808153152466,-0.10437802970409393,0.9998597502708435,0.480368435382843,0.41147249937057495,-0.09068195521831512,0.922569215297699,0.38832101225852966,0.4035409986972809,-0.09704875200986862,0.9306209087371826,0.4927040934562683,0.47063928842544556,-0.22063174843788147,0.8821572661399841,0.3577079474925995,0.4521319270133972,-0.2477457970380783,0.8955419659614563,0.4998214840888977,0.48866671323776245,-0.2545563280582428,0.8402178883552551,0.3428378105163574,0.4652765393257141,-0.28244146704673767,0.855355978012085,0.4980332851409912,0.48729634284973145,-0.2920403480529785,0.8502928018569946,0.3479456305503845,0.4647558331489563,-0.32094287872314453,0.8669075965881348,0.49193722009658813,0.48028746247291565,-0.23825201392173767,0.8263570666313171,0.3533552289009094,0.46092328429222107,-0.26618465781211853,0.8481097221374512,0.48425811529159546,0.4738989770412445,0.0017393907764926553,0.9996342658996582,0.4308130741119385,0.47469526529312134,-0.0016772228991612792,0.9996384978294373,0.5138800144195557,0.5788393020629883,-0.040728963911533356,0.994659423828125,0.40020284056663513,0.5789656043052673,-0.039502814412117004,0.9948654770851135,0.5366184711456299,0.6743335723876953,0.09490365535020828,0.9920271039009094,0.37603726983070374,0.6804873943328857,0.07903077453374863,0.9936408400535583,0.5319021344184875,0.6875590085983276,0.09990302473306656,0.8793519735336304,0.37670230865478516,0.6938873529434204,0.08214413374662399,0.8711744546890259,0.5521983504295349,0.7114180326461792,-0.03964107483625412,0.9851612448692322,0.35744041204452515,0.7157397270202637,-0.06166224926710129,0.9860450625419617
78,0.4539848864078522,0.2987547516822815,-0.33738863468170166,0.9998335838317871,0.45932477712631226,0.2926647365093231,-0.32140880823135376,0.9996561408042908,0.46296411752700806,0.2924213707447052,-0.3214060068130493,0.9995830059051514,0.46616506576538086,0.2923402190208435,-0.32140830159187317,0.9996252655982971,0.45021119713783264,0.29134389758110046,-0.32132190465927124,0.9996650815010071,0.4475160241127014,0.2913471460342407,-0.32137808203697205,0.9996005296707153,0.4446188807487488,0.2911894917488098,-0.32136762142181396,0.9996420741081238,0.4701123833656311,0.29491880536079407,-0.19941315054893494,0.9989503026008606,0.43850699067115784,0.2965266704559326,-0.19992293417453766,0.9991236925125122,0.46010762453079224,0.30881476402282715,-0.2887613773345947,0.999543309211731,0.4475530683994293,0.30880093574523926,-0.2890109121799469,0.9995543360710144,0.4933018088340759,0.34283486008644104,-0.1129273921251297,0.9998154044151306,0.41073814034461975,0.34177982807159424,-0.0988771840929985,0.9998615980148315,0.47964128851890564,0.4145174026489258,-0.0976310670375824,0.920659601688385,0.3871469497680664,0.4048338830471039,-0.10632684081792831,0.9313194751739502,0.47979673743247986,0.4646984040737152,-0.2233971655368805,0.881623387336731,0.36001330614089966,0.45211631059646606,-0.2734755575656891,0.8991742730140686,0.48376789689064026,0.48275765776634216,-0.2581549882888794,0.8400396108627319,0.3437451422214508,0.46400418877601624,-0.31238043308258057,0.8603273034095764,0.4819238781929016,0.4809996485710144,-0.29347506165504456,0.8505212068557739,0.3500390648841858,0.4629814028739929,-0.34665989875793457,0.8717382550239563,0.47739917039871216,0.4741098880767822,-0.2400210201740265,0.8272051811218262,0.35697585344314575,0.45963650941848755,-0.29089462757110596,0.8537483811378479,0.4851338267326355,0.47629743814468384,-0.002918137004598975,0.9996373057365417,0.4306398034095764,0.47735223174095154,0.002989392029121518,0.9996476769447327,0.5138749480247498,0.5780378580093384,-0.043858494609594345,0.9946767091751099,0.3989298343658447,0.5814833641052246,-0.03461364284157753,0.9948183298110962,0.5365752577781677,0.67499840259552,0.10198383033275604,0.9919622540473938,0.37629786133766174,0.6812754273414612,0.1001659482717514,0.993618369102478,0.5304564237594604,0.6885770559310913,0.10806964337825775,0.8783572316169739,0.3794458508491516,0.6934165954589844,0.10483522713184357,0.8702085018157959,0.5512723326683044,0.710862398147583,-0.032197482883930206,0.9850232601165771,0.3575642704963684,0.7149825692176819,-0.0377359576523304,0.9859260320663452
79,0.4499421715736389,0.30682307481765747,-0.39052021503448486,0.9998281598091125,0.45605507493019104,0.2981252670288086,-0.3759642243385315,0.9996523261070251,0.4596167504787445,0.29779624938964844,-0.37595003843307495,0.9995777010917664,0.46292585134506226,0.29749342799186707,-0.3759569227695465,0.9996189475059509,0.4471331536769867,0.2982725501060486,-0.37453097105026245,0.999659538269043,0.4445628225803375,0.2978830933570862,-0.3746035695075989,0.9995937347412109,0.44073671102523804,0.2976919710636139,-0.37459373474121094,0.9996338486671448,0.46711987257003784,0.2990309000015259,-0.250411719083786,0.9989463090896606,0.43728694319725037,0.29890507459640503,-0.24512484669685364,0.9991071224212646,0.45635971426963806,0.31652647256851196,-0.3397263288497925,0.9995210766792297,0.4442596435546875,0.31587469577789307,-0.3383147418498993,0.999528706073761,0.4918155074119568,0.3458999991416931,-0.15132032334804535,0.9998082518577576,0.41061535477638245,0.34259718656539917,-0.12514248490333557,0.9998561143875122,0.482267290353775,0.4168437123298645,-0.11809593439102173,0.9166181087493896,0.3844156861305237,0.4067031741142273,-0.10270558297634125,0.9275529384613037,0.4909006953239441,0.47110262513160706,-0.2299956977367401,0.8770147562026978,0.3530636429786682,0.44408854842185974,-0.24311563372612,0.8961273431777954,0.4975426197052002,0.4896422028541565,-0.26146894693374634,0.8365497589111328,0.3357336223125458,0.4587128758430481,-0.2754983901977539,0.8579888939857483,0.4959474503993988,0.4883192181587219,-0.3009258210659027,0.8477931022644043,0.3410739302635193,0.45703667402267456,-0.31738558411598206,0.870079755783081,0.4904300272464752,0.48137784004211426,-0.24768534302711487,0.8252459168434143,0.3481717109680176,0.4512479901313782,-0.26296278834342957,0.853013277053833,0.4847021698951721,0.4769752025604248,-0.006672305520623922,0.999634325504303,0.43251508474349976,0.47823673486709595,0.006754210684448481,0.9996461272239685,0.514367401599884,0.5813804268836975,-0.04503987729549408,0.9943650364875793,0.398361474275589,0.5822352170944214,-0.032724082469940186,0.9944060444831848,0.5379294157028198,0.6781779527664185,0.08960913121700287,0.9916115403175354,0.37575340270996094,0.6812139749526978,0.09419551491737366,0.9931954741477966,0.5324877500534058,0.6932764053344727,0.0947108343243599,0.8759962916374207,0.37766289710998535,0.6949419975280762,0.09858553111553192,0.8686540126800537,0.5519066452980042,0.7113789916038513,-0.047732967883348465,0.9843326807022095,0.35673484206199646,0.7145928740501404,-0.04127432033419609,0.9851084351539612
80,0.44883912801742554,0.3114895820617676,-0.37024256587028503,0.9998282194137573,0.4561830461025238,0.3020777702331543,-0.3557174503803253,0.9996556043624878,0.46001023054122925,0.30189380049705505,-0.35569578409194946,0.9995800852775574,0.4635508954524994,0.30165401101112366,-0.3556979298591614,0.9996196627616882,0.4457937180995941,0.3015795350074768,-0.35382187366485596,0.9996621608734131,0.44259804487228394,0.30095696449279785,-0.35389721393585205,0.9995970726013184,0.4394999146461487,0.3001978397369385,-0.3539011776447296,0.9996362328529358,0.468513160943985,0.301838755607605,-0.2319628745317459,0.9989587068557739,0.43543869256973267,0.2999378442764282,-0.2248232662677765,0.9991154670715332,0.4559682309627533,0.3215163052082062,-0.3202504515647888,0.9995177388191223,0.44238701462745667,0.3203250467777252,-0.31827571988105774,0.9995236992835999,0.4927383363246918,0.3473793566226959,-0.13913798332214355,0.9998024702072144,0.41169363260269165,0.3416380286216736,-0.10789599269628525,0.999856173992157,0.48266392946243286,0.41870468854904175,-0.11019422113895416,0.9137624502182007,0.38694363832473755,0.403594434261322,-0.10191124677658081,0.9252290725708008,0.4859134554862976,0.46780019998550415,-0.2224445343017578,0.8736852407455444,0.353202223777771,0.4441102147102356,-0.2627052664756775,0.894625723361969,0.4906235337257385,0.48525604605674744,-0.2546677887439728,0.833720326423645,0.33873236179351807,0.45690831542015076,-0.2986869215965271,0.8568952083587646,0.4894086718559265,0.483356773853302,-0.29253390431404114,0.8455619215965271,0.34174656867980957,0.45561903715133667,-0.3356001675128937,0.8693158030509949,0.48478108644485474,0.47672349214553833,-0.2394176423549652,0.8233959674835205,0.3484695255756378,0.4514595568180084,-0.28104421496391296,0.852832019329071,0.4863414168357849,0.47946542501449585,-0.007997661828994751,0.9996364712715149,0.43299850821495056,0.47958773374557495,0.008070197887718678,0.9996510148048401,0.515916645526886,0.5823304653167725,-0.048912413418293,0.9943147897720337,0.3967527151107788,0.5836116671562195,-0.03264083340764046,0.9942404627799988,0.5378216505050659,0.6763386726379395,0.0920390859246254,0.9915810823440552,0.37676000595092773,0.6800286769866943,0.10094152390956879,0.9931020140647888,0.5318954586982727,0.6907736659049988,0.09755503386259079,0.8763795495033264,0.3788425922393799,0.6928256154060364,0.10563750565052032,0.8694770336151123,0.5502223968505859,0.7130835056304932,-0.047212257981300354,0.9842294454574585,0.3563455641269684,0.7149191498756409,-0.03734222799539566,0.9849290251731873
81,0.4497665762901306,0.30741721391677856,-0.2973231077194214,0.9998310804367065,0.4567866921424866,0.29821887612342834,-0.28395769000053406,0.999664843082428,0.4608314633369446,0.2978176474571228,-0.28394702076911926,0.9995905756950378,0.46447163820266724,0.2974500060081482,-0.28394436836242676,0.999628484249115,0.4463271498680115,0.2989851236343384,-0.2795231342315674,0.9996657371520996,0.44329556822776794,0.29892122745513916,-0.2795763909816742,0.9995986223220825,0.4403587281703949,0.29871466755867004,-0.2795546054840088,0.9996370673179626,0.46898841857910156,0.30069631338119507,-0.17233075201511383,0.998986542224884,0.4359453320503235,0.30084317922592163,-0.15340422093868256,0.9991171956062317,0.45715636014938354,0.3176979124546051,-0.2525322139263153,0.9995209574699402,0.4435877203941345,0.31744468212127686,-0.24715492129325867,0.9995193481445312,0.491034597158432,0.3457522392272949,-0.1030115857720375,0.9998024702072144,0.41186290979385376,0.34272176027297974,-0.04690663889050484,0.9998524188995361,0.4811495840549469,0.41606253385543823,-0.10616763681173325,0.9126170873641968,0.3861095607280731,0.4003124237060547,-0.03790011256933212,0.9232311844825745,0.47415676712989807,0.46461549401283264,-0.23988616466522217,0.872873842716217,0.3449840545654297,0.4388952851295471,-0.19759409129619598,0.8937422633171082,0.47628283500671387,0.4827605187892914,-0.27764904499053955,0.8336299657821655,0.3279529809951782,0.4500153660774231,-0.23173809051513672,0.8562284111976624,0.47313159704208374,0.4798256754875183,-0.30669236183166504,0.8455496430397034,0.3323529362678528,0.4483713209629059,-0.2701346278190613,0.8689635396003723,0.4697975516319275,0.473030149936676,-0.25392258167266846,0.8235586881637573,0.33975911140441895,0.4447769224643707,-0.2169998437166214,0.8533475399017334,0.4841095805168152,0.48092764616012573,-0.011961584910750389,0.9996395707130432,0.4310327470302582,0.4825754761695862,0.012035327032208443,0.9996517300605774,0.5144699215888977,0.5832271575927734,-0.04157916083931923,0.9941700100898743,0.39588236808776855,0.5876559019088745,-0.02257220633327961,0.9939447045326233,0.5386144518852234,0.6772682666778564,0.08722658455371857,0.9915310740470886,0.3765363097190857,0.6819561719894409,0.115345299243927,0.9928165674209595,0.5331969261169434,0.6922591924667358,0.09141726046800613,0.8769623637199402,0.3783873915672302,0.6958061456680298,0.12091471999883652,0.8685402274131775,0.5536342263221741,0.7135182023048401,-0.05189651995897293,0.9841248989105225,0.35575732588768005,0.716045081615448,-0.014705467037856579,0.9844284057617188
82,0.4504421353340149,0.31412026286125183,-0.4024379849433899,0.9998307824134827,0.4576442837715149,0.30442488193511963,-0.38808006048202515,0.9996680617332458,0.4613897204399109,0.3043142855167389,-0.3880774676799774,0.9995936751365662,0.4648476243019104,0.3040996789932251,-0.3880757987499237,0.9996302723884583,0.44674843549728394,0.30378156900405884,-0.3855195641517639,0.9996688365936279,0.4433138370513916,0.3032093644142151,-0.385605126619339,0.9996019005775452,0.4395950436592102,0.30266162753105164,-0.3856040835380554,0.9996402859687805,0.4689149856567383,0.3046823740005493,-0.26089900732040405,0.9989991784095764,0.43535417318344116,0.3032556176185608,-0.25061285495758057,0.9991276860237122,0.45704707503318787,0.32441234588623047,-0.3507518470287323,0.9995139837265015,0.44349879026412964,0.32339513301849365,-0.3479286730289459,0.9995144009590149,0.49082788825035095,0.3474377989768982,-0.1727725714445114,0.9997970461845398,0.4088965058326721,0.34364956617355347,-0.1257072240114212,0.9998507499694824,0.47345834970474243,0.4177829623222351,-0.1838923990726471,0.9116392731666565,0.38373592495918274,0.40522947907447815,-0.14088912308216095,0.9214489459991455,0.4520527720451355,0.450275719165802,-0.3302033245563507,0.87188720703125,0.3434875011444092,0.43843746185302734,-0.32829129695892334,0.8936032056808472,0.44928842782974243,0.46432286500930786,-0.3736197054386139,0.8328951001167297,0.3291980028152466,0.4492793083190918,-0.36968621611595154,0.8570207357406616,0.447288453578949,0.46011391282081604,-0.39996856451034546,0.8447594046592712,0.331106573343277,0.44750818610191345,-0.4063904881477356,0.8699503540992737,0.4457186162471771,0.45471319556236267,-0.34372398257255554,0.8221142888069153,0.33846333622932434,0.44376856088638306,-0.3475323021411896,0.8548182845115662,0.4839249551296234,0.4792241156101227,-0.009579581208527088,0.9996442794799805,0.4297322630882263,0.4804488718509674,0.009682557545602322,0.9996592998504639,0.5152409076690674,0.5852937698364258,-0.03776613995432854,0.9942241311073303,0.39633142948150635,0.5870399475097656,-0.018277103081345558,0.9938151836395264,0.5382888317108154,0.6793473958969116,0.12095298618078232,0.9914896488189697,0.3752894401550293,0.6799785494804382,0.13845248520374298,0.9927542805671692,0.5327304601669312,0.6929324865341187,0.12820196151733398,0.8772501945495605,0.3771756887435913,0.6928481459617615,0.14563670754432678,0.8683512210845947,0.5529502630233765,0.7150779962539673,-0.02157105691730976,0.9841448068618774,0.35467207431793213,0.7142492532730103,-0.0007427253294736147,0.9843600392341614
83,0.45042553544044495,0.30343735218048096,-0.393248587846756,0.9998245239257812,0.4569062292575836,0.2941688895225525,-0.3800932466983795,0.9996614456176758,0.46088847517967224,0.2940349876880646,-0.38010042905807495,0.9995853304862976,0.46424025297164917,0.29403191804885864,-0.38010749220848083,0.9996209144592285,0.4468291401863098,0.29474538564682007,-0.3771742582321167,0.9996587038040161,0.44391289353370667,0.2947482466697693,-0.37727153301239014,0.9995878338813782,0.44095832109451294,0.2946738600730896,-0.3772728741168976,0.9996261596679688,0.46778377890586853,0.29835039377212524,-0.2587597370147705,0.9989811182022095,0.4354392886161804,0.29806309938430786,-0.24674680829048157,0.9991024136543274,0.4567689299583435,0.3148726224899292,-0.34362077713012695,0.9994788765907288,0.4437662661075592,0.31417933106422424,-0.34027135372161865,0.9994760751724243,0.48984235525131226,0.3447595536708832,-0.17509415745735168,0.999779999256134,0.40914592146873474,0.3434535264968872,-0.12451014667749405,0.9998334646224976,0.47435659170150757,0.414951890707016,-0.20204202830791473,0.9074410796165466,0.3826790153980255,0.4021604061126709,-0.14351271092891693,0.9164730310440063,0.4569564759731293,0.44425612688064575,-0.35878002643585205,0.8675305247306824,0.3414607644081116,0.4325805604457855,-0.32306191325187683,0.8903962969779968,0.4553770124912262,0.4573878347873688,-0.4029141366481781,0.8296610116958618,0.32390540838241577,0.44190168380737305,-0.36159276962280273,0.854792058467865,0.4534567892551422,0.45252418518066406,-0.42640700936317444,0.8416216373443604,0.3248729109764099,0.44069376587867737,-0.3999168872833252,0.8682090640068054,0.4515150189399719,0.44752031564712524,-0.3717332184314728,0.8181988596916199,0.3320147693157196,0.4375155568122864,-0.3431270718574524,0.8536859750747681,0.48465269804000854,0.4764862060546875,-0.010324528440833092,0.999636709690094,0.4299538731575012,0.4780314862728119,0.010427363216876984,0.999649167060852,0.5144332051277161,0.5841374397277832,-0.028348809108138084,0.9941779971122742,0.3968193531036377,0.5868891477584839,-0.014812411740422249,0.9935147166252136,0.5388715267181396,0.6827099323272705,0.1126311644911766,0.9914246797561646,0.37619537115097046,0.6810164451599121,0.1401808261871338,0.9923362135887146,0.5333837866783142,0.6978211998939514,0.1179916113615036,0.876944363117218,0.37824827432632446,0.692357063293457,0.14754582941532135,0.8653485774993896,0.553015947341919,0.7143816947937012,-0.03397837281227112,0.984030544757843,0.35574036836624146,0.7160521149635315,0.004903961904346943,0.9836073517799377
84,0.4473811686038971,0.3157787322998047,-0.39460065960884094,0.9998134970664978,0.4547361433506012,0.30494967103004456,-0.3829752504825592,0.9996421337127686,0.4583662152290344,0.30561184883117676,-0.3829991817474365,0.9995616674423218,0.4617985188961029,0.30518263578414917,-0.38301488757133484,0.9995976090431213,0.44405215978622437,0.3048129975795746,-0.37836676836013794,0.9996370077133179,0.44067373871803284,0.30428460240364075,-0.37845367193222046,0.9995632171630859,0.4375230371952057,0.3035306930541992,-0.3784690797328949,0.999605655670166,0.4669509828090668,0.3049328327178955,-0.2673763334751129,0.9989385604858398,0.4337279796600342,0.30272582173347473,-0.24769511818885803,0.9990496039390564,0.45486727356910706,0.3259931802749634,-0.34722957015037537,0.9994409084320068,0.4418913722038269,0.3251033425331116,-0.34164103865623474,0.99943608045578,0.4896615147590637,0.349015474319458,-0.19108781218528748,0.9997622966766357,0.4114164412021637,0.3414468467235565,-0.12264584004878998,0.9998242259025574,0.47368675470352173,0.4170534014701843,-0.2031920850276947,0.9092915654182434,0.37820491194725037,0.39838746190071106,-0.12619253993034363,0.9145861268043518,0.4387882649898529,0.44952496886253357,-0.32778850197792053,0.8668227195739746,0.3364220857620239,0.43250757455825806,-0.2960502505302429,0.8889764547348022,0.43166738748550415,0.4639330506324768,-0.3697036802768707,0.8270735144615173,0.3216976225376129,0.4427024722099304,-0.33343154191970825,0.85312819480896,0.429283082485199,0.4588375687599182,-0.39160192012786865,0.8387832641601562,0.3231573700904846,0.4409029483795166,-0.3690595030784607,0.8667656779289246,0.42976659536361694,0.45338577032089233,-0.3389693796634674,0.8143293261528015,0.3304620683193207,0.4372977614402771,-0.3147876560688019,0.852698028087616,0.4856448769569397,0.482164204120636,-0.015962131321430206,0.9996253848075867,0.43141883611679077,0.4830377697944641,0.016078615561127663,0.9996451735496521,0.5142849087715149,0.5850600004196167,-0.04538330063223839,0.9942750930786133,0.3957357108592987,0.5896592736244202,-0.013636870309710503,0.9935532808303833,0.5373603701591492,0.6748993396759033,0.11830315738916397,0.9914921522140503,0.377302885055542,0.6817351579666138,0.15140461921691895,0.9924216270446777,0.531292736530304,0.6891254782676697,0.12635894119739532,0.8779541850090027,0.3799166679382324,0.6960811614990234,0.15979206562042236,0.8678348660469055,0.5493581891059875,0.7133610248565674,-0.020138181746006012,0.9841912388801575,0.3521020710468292,0.7164925932884216,0.019172631204128265,0.9837927222251892
85,0.44712239503860474,0.3057360053062439,-0.26138097047805786,0.9997599124908447,0.4552793502807617,0.29675590991973877,-0.2506808936595917,0.9995467066764832,0.45924267172813416,0.2971925139427185,-0.2506847381591797,0.9994579553604126,0.4628659784793854,0.2976788878440857,-0.2506861984729767,0.9994820356369019,0.4448481500148773,0.2960476875305176,-0.23978061974048615,0.9995323419570923,0.44166117906570435,0.29577457904815674,-0.23985235393047333,0.9994529485702515,0.43855100870132446,0.29550009965896606,-0.2398543655872345,0.99949711561203,0.4682080149650574,0.3015587329864502,-0.15084174275398254,0.998706579208374,0.43425846099853516,0.29845282435417175,-0.10304252803325653,0.9987777471542358,0.45508652925491333,0.3173035979270935,-0.22095191478729248,0.9991820454597473,0.44158273935317993,0.3157351613044739,-0.20738129317760468,0.9991878271102905,0.4887576997280121,0.3491767942905426,-0.1240464299917221,0.9997085928916931,0.4109570384025574,0.3401542007923126,0.013338521122932434,0.9998010396957397,0.45854225754737854,0.4129227101802826,-0.22198767960071564,0.9110032916069031,0.3843013346195221,0.3959652781486511,-0.01975254714488983,0.8976468443870544,0.388566792011261,0.41494670510292053,-0.39239561557769775,0.8689872026443481,0.34293514490127563,0.42254453897476196,-0.23734693229198456,0.8760455250740051,0.3705545663833618,0.4225248694419861,-0.4477551579475403,0.8283933401107788,0.3288949131965637,0.43098312616348267,-0.2768849730491638,0.8404343724250793,0.3684966266155243,0.41326767206192017,-0.44468411803245544,0.8386127352714539,0.33133214712142944,0.4295591711997986,-0.3072756826877594,0.8545056581497192,0.3734551668167114,0.41026821732521057,-0.39433160424232483,0.8110834360122681,0.3402128517627716,0.427778422832489,-0.25526997447013855,0.8396176099777222,0.4821293354034424,0.48183363676071167,-0.02630661055445671,0.999610960483551,0.4282893240451813,0.48250192403793335,0.02635689079761505,0.9996348023414612,0.5140173435211182,0.5835466980934143,-0.06509440392255783,0.9939507842063904,0.3940168023109436,0.5905102491378784,-0.009731590747833252,0.9930493831634521,0.5367725491523743,0.6760650277137756,0.0854809433221817,0.9911006689071655,0.37630993127822876,0.683401346206665,0.13647939264774323,0.9920781850814819,0.528879702091217,0.6885912418365479,0.09238740056753159,0.8769452571868896,0.3793419897556305,0.6980271339416504,0.14378748834133148,0.8677510619163513,0.5489813089370728,0.7142728567123413,-0.05108068510890007,0.9835705161094666,0.3501896858215332,0.7182615995407104,0.00810205563902855,0.983154296875
86,0.44765758514404297,0.3098677396774292,-0.3843287229537964,0.9997287392616272,0.45549869537353516,0.3008236885070801,-0.3734327554702759,0.9994804263114929,0.45929375290870667,0.30098646879196167,-0.3734750747680664,0.9993813633918762,0.46285519003868103,0.301146000623703,-0.37349191308021545,0.9994104504585266,0.4446426033973694,0.2999073266983032,-0.36449146270751953,0.9994603991508484,0.4413143992424011,0.29947179555892944,-0.36455750465393066,0.9993717670440674,0.4381190240383148,0.29902708530426025,-0.364555686712265,0.9994282722473145,0.46867042779922485,0.3026508092880249,-0.2623227536678314,0.9985513687133789,0.43486958742141724,0.2999844253063202,-0.22264845669269562,0.9985701441764832,0.4554644227027893,0.32136833667755127,-0.33906033635139465,0.9990798234939575,0.4414314329624176,0.3200526237487793,-0.32777324318885803,0.999091386795044,0.4898807406425476,0.35067975521087646,-0.20056483149528503,0.9996892213821411,0.4123331904411316,0.3405925929546356,-0.09123214334249496,0.9997894167900085,0.45728009939193726,0.4180591106414795,-0.24713316559791565,0.9149633049964905,0.3828619122505188,0.3984762132167816,-0.09223999083042145,0.8957585096359253,0.39134156703948975,0.4341138005256653,-0.39190325140953064,0.8721856474876404,0.33433952927589417,0.425610214471817,-0.28278255462646484,0.8756340742111206,0.37466758489608765,0.4454647898674011,-0.44388237595558167,0.8301897644996643,0.32042932510375977,0.43330517411231995,-0.3221494257450104,0.8402149677276611,0.37235841155052185,0.4375270903110504,-0.4535283148288727,0.8394950032234192,0.32191985845565796,0.43179529905319214,-0.3584429621696472,0.8542613983154297,0.37647202610969543,0.43271470069885254,-0.39829516410827637,0.8099656701087952,0.3289336562156677,0.42797571420669556,-0.3020769953727722,0.8390617370605469,0.48314934968948364,0.4814525544643402,-0.020359132438898087,0.9995999336242676,0.4290379583835602,0.4825335443019867,0.020456334576010704,0.9996316432952881,0.513613760471344,0.5816182494163513,-0.07791426032781601,0.994148850440979,0.3963797092437744,0.5874315500259399,-0.02744685485959053,0.9932583570480347,0.536663830280304,0.6740995645523071,0.10200349986553192,0.9913243055343628,0.3770769238471985,0.6814191341400146,0.14684973657131195,0.9923210144042969,0.5320866703987122,0.6892046928405762,0.11124266684055328,0.8792895674705505,0.38188856840133667,0.6945464611053467,0.15585753321647644,0.8703729510307312,0.552306056022644,0.7113909721374512,-0.038560714572668076,0.9839870929718018,0.35381707549095154,0.7169539332389832,0.009547621943056583,0.9835771918296814
87,0.44744548201560974,0.31651782989501953,-0.35149726271629333,0.999644935131073,0.4552324712276459,0.305913507938385,-0.3411233127117157,0.999329149723053,0.4589513838291168,0.3058047294616699,-0.3411400318145752,0.9991956949234009,0.4624386727809906,0.30561593174934387,-0.3411543667316437,0.9992414712905884,0.4441206455230713,0.30534273386001587,-0.3330617845058441,0.999321699142456,0.44068247079849243,0.30471712350845337,-0.33315956592559814,0.9992099404335022,0.4374985098838806,0.3040207028388977,-0.33318108320236206,0.9992971420288086,0.4675775170326233,0.3059484362602234,-0.2319464385509491,0.9981556534767151,0.43445920944213867,0.3035847544670105,-0.1968609243631363,0.998210608959198,0.45502766966819763,0.32776954770088196,-0.3063518702983856,0.9987894892692566,0.4411129951477051,0.32569420337677,-0.2964293658733368,0.9988530874252319,0.4893311858177185,0.35110074281692505,-0.1767522692680359,0.99964839220047,0.41227465867996216,0.3423923850059509,-0.07041284441947937,0.9997784495353699,0.45837607979774475,0.41662392020225525,-0.23805499076843262,0.9167948961257935,0.37789690494537354,0.3995606303215027,-0.0951705053448677,0.8881301879882812,0.38704589009284973,0.41795533895492554,-0.3826601207256317,0.873399555683136,0.34098297357559204,0.42162102460861206,-0.29779472947120667,0.8681198954582214,0.3678714632987976,0.42540717124938965,-0.4330863356590271,0.8299971222877502,0.32727915048599243,0.43060940504074097,-0.3376373052597046,0.8324302434921265,0.36644673347473145,0.4156259596347809,-0.4361644387245178,0.8382183909416199,0.3287363052368164,0.4249582886695862,-0.3661484718322754,0.8466324210166931,0.3639213740825653,0.4164920747280121,-0.38637498021125793,0.8062325716018677,0.33870309591293335,0.4231724143028259,-0.31410565972328186,0.8305737376213074,0.4835384786128998,0.48238450288772583,-0.016396448016166687,0.9995591044425964,0.42788130044937134,0.4830652177333832,0.016432689502835274,0.999606192111969,0.5140490531921387,0.5830269455909729,-0.05635439604520798,0.9940961599349976,0.39562955498695374,0.5897225141525269,-0.015780625864863396,0.9930402040481567,0.5363885164260864,0.6775711178779602,0.10361427068710327,0.9912065863609314,0.3767962157726288,0.6814600229263306,0.13600023090839386,0.9921666979789734,0.5304717421531677,0.6914491653442383,0.11179058253765106,0.8798894286155701,0.37938806414604187,0.6950611472129822,0.1436057984828949,0.8702709078788757,0.5525614619255066,0.7118531465530396,-0.032506827265024185,0.9838523268699646,0.35736361145973206,0.7172403335571289,0.00046063377521932125,0.983294665813446
88,0.4473510682582855,0.31766730546951294,-0.3533177971839905,0.9995817542076111,0.455273300409317,0.30676159262657166,-0.3436470329761505,0.9992135763168335,0.45897382497787476,0.3067024350166321,-0.3436606526374817,0.9990676045417786,0.4623326361179352,0.3065586984157562,-0.3436574935913086,0.9991145133972168,0.4438449740409851,0.30594682693481445,-0.3348703682422638,0.9992189407348633,0.4401485323905945,0.3052765130996704,-0.3349725306034088,0.9991068243980408,0.43671053647994995,0.30451035499572754,-0.33498385548591614,0.9992026686668396,0.4672953188419342,0.30724918842315674,-0.23545415699481964,0.9978790283203125,0.4330746531486511,0.30397576093673706,-0.19737650454044342,0.997943639755249,0.4547940194606781,0.3287585973739624,-0.30832087993621826,0.9984936714172363,0.44067102670669556,0.32691943645477295,-0.2975321412086487,0.9985957145690918,0.4878171980381012,0.350713312625885,-0.18841715157032013,0.9996227622032166,0.4110620617866516,0.3422643542289734,-0.06340993940830231,0.9997686147689819,0.455455482006073,0.41629543900489807,-0.2613861858844757,0.919699490070343,0.3829896152019501,0.3992290496826172,-0.09384100884199142,0.8763253688812256,0.37869346141815186,0.4194599986076355,-0.4093993604183197,0.8763384222984314,0.3428833484649658,0.42210179567337036,-0.3041185438632965,0.8594033122062683,0.35833191871643066,0.427379310131073,-0.4622729420661926,0.8319337964057922,0.3267679810523987,0.430664598941803,-0.3445143401622772,0.8242481350898743,0.3529009222984314,0.4184063971042633,-0.4617021083831787,0.8390815854072571,0.32793375849723816,0.4246707558631897,-0.37382298707962036,0.8389506936073303,0.35374677181243896,0.41757631301879883,-0.41172295808792114,0.8047755360603333,0.3383375406265259,0.42307478189468384,-0.3211328387260437,0.8217073678970337,0.4831637740135193,0.4812386631965637,-0.024720754474401474,0.9995452761650085,0.42834407091140747,0.48310407996177673,0.024768386036157608,0.9995992183685303,0.5138562917709351,0.5839439630508423,-0.06642848253250122,0.9938257932662964,0.3950707018375397,0.5905765891075134,-0.01359305065125227,0.992406964302063,0.5359596014022827,0.6791688203811646,0.08213811367750168,0.9908426403999329,0.37564295530319214,0.6820021867752075,0.12771011888980865,0.9917008280754089,0.5291316509246826,0.6930245161056519,0.08932296931743622,0.878452479839325,0.3762666583061218,0.6978799104690552,0.13469460606575012,0.8686419129371643,0.5491983890533447,0.7151772379875183,-0.056299708783626556,0.9833198189735413,0.35233598947525024,0.7152500748634338,-0.004654213320463896,0.9825037121772766
89,0.4482579231262207,0.32020145654678345,-0.3292374610900879,0.9995087385177612,0.4553609788417816,0.3091675043106079,-0.31954821944236755,0.999113142490387,0.45881325006484985,0.30881428718566895,-0.31956544518470764,0.9989392161369324,0.4621261954307556,0.3088679313659668,-0.31956741213798523,0.9990129470825195,0.4450675845146179,0.3087560534477234,-0.3114948272705078,0.9991220831871033,0.4415596127510071,0.3080020844936371,-0.31158071756362915,0.998991847038269,0.43822818994522095,0.30705028772354126,-0.31157997250556946,0.999118447303772,0.4669714868068695,0.308274507522583,-0.21415047347545624,0.9976215362548828,0.4337851107120514,0.30552273988723755,-0.17870904505252838,0.9976446628570557,0.4548848569393158,0.3303636908531189,-0.28555917739868164,0.9981890916824341,0.44233494997024536,0.32889896631240845,-0.2755078375339508,0.9982921481132507,0.488004207611084,0.3484061360359192,-0.17083938419818878,0.9995885491371155,0.41108840703964233,0.3421671986579895,-0.05249817296862602,0.999744176864624,0.4447647035121918,0.4073048532009125,-0.21967336535453796,0.9216424226760864,0.38419103622436523,0.398703932762146,-0.0636206716299057,0.8642423748970032,0.3564825654029846,0.4179286062717438,-0.34242764115333557,0.8779321312904358,0.335208922624588,0.4164253771305084,-0.25022071599960327,0.8523178100585938,0.3397673964500427,0.4246138036251068,-0.3913477957248688,0.8329916000366211,0.31744858622550964,0.42177850008010864,-0.2883397340774536,0.818554699420929,0.33698832988739014,0.41744908690452576,-0.39613109827041626,0.8395339846611023,0.3197764754295349,0.4184496998786926,-0.32135912775993347,0.8338892459869385,0.3398265242576599,0.41590577363967896,-0.3465612530708313,0.8045980930328369,0.32787519693374634,0.41657695174217224,-0.2685803174972534,0.8170936107635498,0.4829830229282379,0.4832227826118469,-0.02347264625132084,0.9995341897010803,0.4283887445926666,0.484722763299942,0.023559631779789925,0.999594509601593,0.5148510932922363,0.5844843983650208,-0.05695505812764168,0.9935822486877441,0.39482006430625916,0.5909871459007263,-0.0064133452251553535,0.9921660423278809,0.5366515517234802,0.675923764705658,0.0974377691745758,0.9905001521110535,0.3760029673576355,0.6824201345443726,0.1397022008895874,0.9914717078208923,0.5296123623847961,0.6887681484222412,0.10558219254016876,0.8752841949462891,0.37733134627342224,0.6982237100601196,0.14726853370666504,0.8671134114265442,0.5496320128440857,0.714191734790802,-0.03412359580397606,0.9828545451164246,0.35370030999183655,0.7169632315635681,0.01201455295085907,0.9821046590805054
90,0.4502701759338379,0.3139533996582031,-0.25168928503990173,0.999461829662323,0.4566679000854492,0.3059341609477997,-0.24153396487236023,0.9990548491477966,0.46000248193740845,0.3059481680393219,-0.2415418177843094,0.9988623261451721,0.4632715582847595,0.30584728717803955,-0.24154429137706757,0.998955249786377,0.44688087701797485,0.30459171533584595,-0.23179030418395996,0.9990494251251221,0.44368505477905273,0.30401188135147095,-0.23185472190380096,0.9988955855369568,0.44046086072921753,0.3033038377761841,-0.2318388670682907,0.9990490078926086,0.46739450097084045,0.3065001368522644,-0.14391928911209106,0.9974660277366638,0.435332715511322,0.30407923460006714,-0.10067009925842285,0.9974016547203064,0.45641008019447327,0.3250017762184143,-0.21198594570159912,0.9979945421218872,0.4440305829048157,0.32357606291770935,-0.19971726834774017,0.9980812668800354,0.4881335198879242,0.3486633896827698,-0.11750330775976181,0.999584436416626,0.4108877182006836,0.34299227595329285,0.01606435328722,0.9997320771217346,0.4494009017944336,0.4070454239845276,-0.18590667843818665,0.9246609807014465,0.38388627767562866,0.39981067180633545,0.013590903952717781,0.8550934791564941,0.3592798113822937,0.41770806908607483,-0.3219785690307617,0.8825782537460327,0.3350085914134979,0.41795557737350464,-0.1672624796628952,0.8488562703132629,0.35221314430236816,0.42300277948379517,-0.3718760907649994,0.8380503058433533,0.31437230110168457,0.42168551683425903,-0.20093686878681183,0.8157298564910889,0.33934536576271057,0.41609805822372437,-0.37071317434310913,0.8438478112220764,0.3164283037185669,0.417141854763031,-0.23448404669761658,0.8314130902290344,0.340300589799881,0.41318804025650024,-0.323871910572052,0.8088845610618591,0.32464784383773804,0.4165843427181244,-0.18567752838134766,0.8151016235351562,0.4818611741065979,0.48385530710220337,-0.025769805535674095,0.9995330572128296,0.42729806900024414,0.4855744242668152,0.025830602273344994,0.9995917081832886,0.5138066411018372,0.5849454402923584,-0.054681889712810516,0.9934170246124268,0.3948565721511841,0.5908046960830688,0.0016705322777852416,0.9920215010643005,0.5365524291992188,0.6769537329673767,0.09521374106407166,0.9903627038002014,0.3766578435897827,0.681729257106781,0.1475835144519806,0.9913204312324524,0.530686616897583,0.6896905899047852,0.10277442634105682,0.8745341300964355,0.3783133029937744,0.6965966820716858,0.1552145928144455,0.866724967956543,0.5501729249954224,0.7131534814834595,-0.034573882818222046,0.9827155470848083,0.3548169732093811,0.715562641620636,0.02425694838166237,0.9819076657295227
91,0.45246052742004395,0.3158407211303711,-0.3505933880805969,0.9993969798088074,0.45840591192245483,0.3057492971420288,-0.3413219153881073,0.9989539980888367,0.4617113173007965,0.30566632747650146,-0.3413572311401367,0.9987379908561707,0.46490278840065,0.30543649196624756,-0.34137970209121704,0.9988468289375305,0.44843488931655884,0.30444204807281494,-0.3336167633533478,0.9989434480667114,0.4448934495449066,0.30376049876213074,-0.33372271060943604,0.9987634420394897,0.4414432644844055,0.30303359031677246,-0.3337344527244568,0.9989441633224487,0.46887797117233276,0.3059002161026001,-0.23718659579753876,0.9971998929977417,0.43610772490501404,0.30425918102264404,-0.20329447090625763,0.9971062541007996,0.45819157361984253,0.3270854949951172,-0.30729416012763977,0.9977209568023682,0.4448222517967224,0.32510077953338623,-0.297663152217865,0.9978223443031311,0.4871748089790344,0.34870946407318115,-0.19125087559223175,0.9995233416557312,0.4116542339324951,0.3452363610267639,-0.07834253460168839,0.9996799826622009,0.4434369206428528,0.4055206775665283,-0.25707128643989563,0.924950122833252,0.3771345019340515,0.39915400743484497,-0.1055477038025856,0.8406370878219604,0.35968858003616333,0.4087708592414856,-0.392164021730423,0.879790186882019,0.331931471824646,0.4125509262084961,-0.2947588562965393,0.8341174125671387,0.3470970094203949,0.41709575057029724,-0.44266819953918457,0.8338857889175415,0.30940037965774536,0.41403698921203613,-0.33275970816612244,0.8018478751182556,0.33055663108825684,0.4067172408103943,-0.4442763328552246,0.8390692472457886,0.31086426973342896,0.4111904203891754,-0.3630494475364685,0.8183159828186035,0.34004276990890503,0.40698403120040894,-0.39564210176467896,0.8021512031555176,0.3215956687927246,0.41082653403282166,-0.3122445046901703,0.8020668029785156,0.48181581497192383,0.4826176166534424,-0.019068753346800804,0.9995006918907166,0.42671269178390503,0.4852809011936188,0.019150445237755775,0.9995704889297485,0.5125237703323364,0.5819782018661499,-0.06322420388460159,0.9933597445487976,0.3962642550468445,0.5906721949577332,-0.02181841991841793,0.9920012950897217,0.5361917018890381,0.6786595582962036,0.09828148782253265,0.9903392195701599,0.37701416015625,0.6835854649543762,0.13792000710964203,0.9913188815116882,0.5314116477966309,0.6923173069953918,0.10674300044775009,0.8751519322395325,0.380220890045166,0.6988334655761719,0.1465337574481964,0.8682934045791626,0.5527215600013733,0.7117878198623657,-0.03743942081928253,0.9826926589012146,0.35203033685684204,0.7172106504440308,0.0063117751851677895,0.9818535447120667
92,0.4514315724372864,0.3127152919769287,-0.30454862117767334,0.999319314956665,0.4575731158256531,0.3035743832588196,-0.2966732382774353,0.9988453388214111,0.4609389305114746,0.3035854697227478,-0.2967136800289154,0.9986094236373901,0.4642762243747711,0.3038398027420044,-0.2967381477355957,0.9987394213676453,0.4477989077568054,0.3024345934391022,-0.2863823473453522,0.9988093376159668,0.44422978162765503,0.3017689883708954,-0.28646308183670044,0.9985966086387634,0.4409261643886566,0.3010578453540802,-0.2864632308483124,0.998814582824707,0.46852201223373413,0.3046279549598694,-0.20317545533180237,0.9969270825386047,0.4362567961215973,0.3023712635040283,-0.15705269575119019,0.9966809749603271,0.4574878215789795,0.3237447142601013,-0.2657596170902252,0.9973834753036499,0.4447806477546692,0.32261937856674194,-0.2526254951953888,0.9974591135978699,0.487021267414093,0.3479040265083313,-0.17139483988285065,0.9994920492172241,0.41265177726745605,0.34386900067329407,-0.03461956977844238,0.9996348023414612,0.44035688042640686,0.4023083746433258,-0.23418724536895752,0.9266296625137329,0.38387972116470337,0.3972749710083008,-0.03309602662920952,0.8258274793624878,0.3488755226135254,0.4095384180545807,-0.3540608882904053,0.8798930048942566,0.3318902254104614,0.4115481376647949,-0.1958349645137787,0.8217092156410217,0.34014585614204407,0.41575661301612854,-0.40256649255752563,0.8330177664756775,0.3082205057144165,0.413690984249115,-0.22685587406158447,0.7898223400115967,0.3275085985660553,0.40703853964805603,-0.40203434228897095,0.8374714255332947,0.30919402837753296,0.41050267219543457,-0.2603302299976349,0.807020902633667,0.33107227087020874,0.4069820046424866,-0.3560260236263275,0.7993247509002686,0.32005661725997925,0.410073459148407,-0.21396152675151825,0.7912609577178955,0.48153990507125854,0.4823846220970154,-0.027105581015348434,0.999482274055481,0.4278241693973541,0.4843410551548004,0.027207862585783005,0.9995580315589905,0.5119640827178955,0.5804504156112671,-0.06323936581611633,0.9932848215103149,0.3961282968521118,0.5893237590789795,-0.003681787056848407,0.9921051859855652,0.5350891351699829,0.6741489768028259,0.09951280802488327,0.9902763962745667,0.3762381672859192,0.6832090616226196,0.15210089087486267,0.9913907051086426,0.5308658480644226,0.688663125038147,0.10854391753673553,0.8744964003562927,0.37979477643966675,0.6970641613006592,0.1608295887708664,0.8701402544975281,0.5515692830085754,0.7094642519950867,-0.02848677895963192,0.9826056361198425,0.3530578315258026,0.7164506912231445,0.02934703603386879,0.9819605350494385
93,0.4522674083709717,0.30992817878723145,-0.32717952132225037,0.9992821216583252,0.4579525589942932,0.3005438446998596,-0.3171120285987854,0.9987917542457581,0.46147069334983826,0.3011072874069214,-0.31715714931488037,0.9985372424125671,0.4648922383785248,0.30151668190956116,-0.3171846568584442,0.9986723065376282,0.4486214518547058,0.2988927364349365,-0.3102344274520874,0.9987584352493286,0.44554582238197327,0.29850101470947266,-0.3103356659412384,0.9985341429710388,0.4424319267272949,0.29829341173171997,-0.31035640835762024,0.9987678527832031,0.46959981322288513,0.30385535955429077,-0.213790625333786,0.9968057870864868,0.43688374757766724,0.3016761541366577,-0.18324005603790283,0.9966014623641968,0.4582726061344147,0.3222901225090027,-0.2845514714717865,0.9972874522209167,0.44485440850257874,0.32136768102645874,-0.27587440609931946,0.9973917603492737,0.4882057309150696,0.3495108485221863,-0.16717424988746643,0.9994392395019531,0.41160303354263306,0.34493303298950195,-0.06729935854673386,0.9996093511581421,0.4483299255371094,0.4025430679321289,-0.22450783848762512,0.924683153629303,0.3743733763694763,0.39344000816345215,-0.0973241999745369,0.8185006380081177,0.35953155159950256,0.4062422811985016,-0.3597274422645569,0.8737339377403259,0.32655787467956543,0.4037594199180603,-0.29236742854118347,0.8137926459312439,0.3558972477912903,0.4131467938423157,-0.4091978073120117,0.8245231509208679,0.30929502844810486,0.4047165513038635,-0.3324061632156372,0.7823610901832581,0.3395267128944397,0.40469497442245483,-0.4136246144771576,0.8286847472190857,0.30985623598098755,0.40239596366882324,-0.36223411560058594,0.8000233769416809,0.3492344319820404,0.4052395820617676,-0.36453554034233093,0.7889829277992249,0.32053476572036743,0.4027926027774811,-0.3099042475223541,0.7843042612075806,0.4813608229160309,0.483936607837677,-0.014936583116650581,0.999472439289093,0.42712587118148804,0.48586568236351013,0.015018311329185963,0.9995558857917786,0.5123609900474548,0.5844393372535706,-0.03945815563201904,0.9933452010154724,0.3969181776046753,0.5889561176300049,-0.000829545606393367,0.9922192096710205,0.5351693630218506,0.6808702349662781,0.13328096270561218,0.990337073802948,0.37683796882629395,0.6814979314804077,0.1664588302373886,0.991509735584259,0.5305402278900146,0.6924446821212769,0.1426292359828949,0.8756780028343201,0.37970492243766785,0.695967972278595,0.17552687227725983,0.871848464012146,0.5516365766525269,0.7103182077407837,0.0018762781983241439,0.982736349105835,0.3524864614009857,0.7156298160552979,0.036797989159822464,0.982138454914093
94,0.45365554094314575,0.3115564286708832,-0.3494620621204376,0.9992494583129883,0.4593333303928375,0.3025933802127838,-0.3389846682548523,0.9987350106239319,0.4626169800758362,0.30311888456344604,-0.33903124928474426,0.9984604120254517,0.46597981452941895,0.3034096360206604,-0.33906081318855286,0.9986041784286499,0.449913889169693,0.300432026386261,-0.3325212299823761,0.9987133145332336,0.44636934995651245,0.29979097843170166,-0.3326379358768463,0.9984802007675171,0.44303590059280396,0.29933494329452515,-0.3326588571071625,0.9987326860427856,0.4698246121406555,0.30478420853614807,-0.23195452988147736,0.9966745376586914,0.4366110861301422,0.3020440936088562,-0.20350226759910583,0.9965423345565796,0.4589112401008606,0.32308173179626465,-0.3053073585033417,0.997187614440918,0.44586190581321716,0.32186806201934814,-0.29723671078681946,0.9973264336585999,0.4875880181789398,0.3496990203857422,-0.18576058745384216,0.9993727207183838,0.4107043147087097,0.3456902503967285,-0.08439405262470245,0.9995843172073364,0.44294601678848267,0.4025058150291443,-0.24659255146980286,0.9239645600318909,0.3741376996040344,0.3978215456008911,-0.13120101392269135,0.8112239837646484,0.3598865866661072,0.40665942430496216,-0.37930670380592346,0.8692604303359985,0.3296952545642853,0.4049791395664215,-0.3445676267147064,0.806793749332428,0.3452150821685791,0.4128510355949402,-0.4301072061061859,0.8180855512619019,0.30781352519989014,0.4058002531528473,-0.3895244896411896,0.7761494517326355,0.3440190851688385,0.40533342957496643,-0.4344288408756256,0.8218635320663452,0.3088182210922241,0.4032544493675232,-0.41548627614974976,0.7940176725387573,0.3412516117095947,0.4048084616661072,-0.3840993642807007,0.7804995179176331,0.3199692368507385,0.40351468324661255,-0.3610732853412628,0.7778641581535339,0.4808296263217926,0.4837024211883545,-0.01729881390929222,0.999442994594574,0.4251524806022644,0.48604661226272583,0.017375649884343147,0.9995447397232056,0.5121575593948364,0.5832251310348511,-0.057924337685108185,0.9932546019554138,0.3960808217525482,0.5904179215431213,-0.01628538966178894,0.9921525120735168,0.5349522233009338,0.6770795583724976,0.12514060735702515,0.990142285823822,0.37652188539505005,0.6834121942520142,0.15969061851501465,0.9914831519126892,0.5305818319320679,0.6915279626846313,0.13578343391418457,0.875073254108429,0.3797408640384674,0.6978449821472168,0.1695859283208847,0.872963547706604,0.5516008138656616,0.7110927700996399,-0.006370988674461842,0.9823746681213379,0.3521728515625,0.7168301343917847,0.027521943673491478,0.9819728136062622
95,0.45316848158836365,0.31173357367515564,-0.2829229533672333,0.999292254447937,0.4583307206630707,0.30308860540390015,-0.2694978713989258,0.9988057613372803,0.4614506661891937,0.30350229144096375,-0.2695092260837555,0.9985431432723999,0.46470338106155396,0.3037109971046448,-0.2695273458957672,0.998678982257843,0.44972628355026245,0.3013570010662079,-0.2653205394744873,0.9987852573394775,0.4465652108192444,0.30077308416366577,-0.2654062807559967,0.998563826084137,0.4435381293296814,0.3003007769584656,-0.2654094099998474,0.9988023638725281,0.4684778153896332,0.3053169846534729,-0.16107964515686035,0.9968628883361816,0.43755903840065,0.30310046672821045,-0.14257071912288666,0.9967523813247681,0.4584270417690277,0.322831392288208,-0.2396276295185089,0.9973581433296204,0.44628459215164185,0.3212569057941437,-0.23437872529029846,0.997481644153595,0.48841720819473267,0.3489817678928375,-0.10901127755641937,0.9993748068809509,0.41086167097091675,0.3484899401664734,-0.04229114204645157,0.9995887875556946,0.4634801745414734,0.4036262631416321,-0.13836923241615295,0.9220908284187317,0.3712082505226135,0.39064639806747437,-0.08123194426298141,0.8160058259963989,0.4196034073829651,0.42244401574134827,-0.2664623260498047,0.8666841387748718,0.3233991265296936,0.3984336256980896,-0.2854471802711487,0.8129611015319824,0.4095660150051117,0.4338805079460144,-0.30689629912376404,0.815065860748291,0.30095934867858887,0.3979995548725128,-0.32757478952407837,0.7828088998794556,0.40803536772727966,0.4292781949043274,-0.3247819244861603,0.8194657564163208,0.30072227120399475,0.3958929181098938,-0.35667064785957336,0.8004606366157532,0.41007909178733826,0.42466965317726135,-0.2765253186225891,0.7791841626167297,0.3137584924697876,0.39665359258651733,-0.30317679047584534,0.7849518060684204,0.4816303849220276,0.4842676520347595,-0.00935711432248354,0.999457836151123,0.42655497789382935,0.48655328154563904,0.009430916048586369,0.999559760093689,0.5125115513801575,0.585146427154541,-0.0358540378510952,0.993535578250885,0.3960496783256531,0.5901725888252258,-0.007836616598069668,0.9924982190132141,0.5349891781806946,0.6790755391120911,0.1300923079252243,0.9905263185501099,0.37635183334350586,0.6828936338424683,0.15574032068252563,0.9918613433837891,0.5300757884979248,0.6918507814407349,0.13827058672904968,0.8784586191177368,0.3800627589225769,0.6977671384811401,0.16359645128250122,0.8761547803878784,0.5511096715927124,0.7119508981704712,-0.0027866673190146685,0.9830048680305481,0.35431304574012756,0.7161514163017273,0.02311069890856743,0.9826517701148987
96,0.45190221071243286,0.3107929825782776,-0.2524101138114929,0.9993008375167847,0.45733389258384705,0.3018017113208771,-0.2415529191493988,0.9988274574279785,0.4606779217720032,0.3020724058151245,-0.2415761500597,0.9985670447349548,0.4639664590358734,0.30220016837120056,-0.2415952980518341,0.9986991286277771,0.44834184646606445,0.3010203242301941,-0.23346681892871857,0.9987938404083252,0.4455499053001404,0.30079954862594604,-0.23354454338550568,0.9985632300376892,0.4427521824836731,0.300628125667572,-0.23356299102306366,0.9988047480583191,0.46858230233192444,0.3044790029525757,-0.1456015259027481,0.9968717098236084,0.4382550120353699,0.30350443720817566,-0.10933361947536469,0.9967473745346069,0.45854830741882324,0.32226407527923584,-0.21404488384723663,0.9973005056381226,0.4455931782722473,0.32111766934394836,-0.2037324607372284,0.9974122047424316,0.489268958568573,0.34741130471229553,-0.11501330137252808,0.9992994070053101,0.4149238169193268,0.3454543352127075,-0.004641844891011715,0.9995286464691162,0.4435897469520569,0.38987997174263,-0.17913669347763062,0.919127881526947,0.37531226873397827,0.38331109285354614,0.003606728743761778,0.8143643736839294,0.38722720742225647,0.3779950439929962,-0.30244171619415283,0.8632746338844299,0.3196725845336914,0.3903352618217468,-0.1467733234167099,0.8119615912437439,0.3726443648338318,0.38054195046424866,-0.34718671441078186,0.8105726838111877,0.2963753342628479,0.3917011320590973,-0.17441295087337494,0.780137300491333,0.37415197491645813,0.3751310706138611,-0.35105225443840027,0.8147842884063721,0.2951297163963318,0.3904644250869751,-0.20945194363594055,0.7980833649635315,0.3780043125152588,0.3740900754928589,-0.3070054054260254,0.7738290429115295,0.30684375762939453,0.3900650143623352,-0.16557414829730988,0.7832550406455994,0.4838648736476898,0.48546165227890015,-0.020275471732020378,0.9994466304779053,0.428854763507843,0.4867704510688782,0.020391222089529037,0.9995570182800293,0.5110576748847961,0.5853496789932251,-0.05088048428297043,0.9937987923622131,0.3958151042461395,0.5908432006835938,-0.0026325539220124483,0.9929389357566833,0.5339296460151672,0.6759544610977173,0.12261815369129181,0.9909838438034058,0.37563881278038025,0.6844958066940308,0.1716366857290268,0.9923160672187805,0.530089259147644,0.6908160448074341,0.1319805234670639,0.882938027381897,0.3785504102706909,0.699357271194458,0.18133579194545746,0.8815683126449585,0.5514026880264282,0.711620032787323,-0.0056355902925133705,0.983795702457428,0.349776029586792,0.7175923585891724,0.04920502007007599,0.9835308790206909
97,0.45487523078918457,0.30890321731567383,-0.24556903541088104,0.9992998838424683,0.45992928743362427,0.3003637194633484,-0.23454611003398895,0.9988406300544739,0.4631735384464264,0.30049532651901245,-0.23457667231559753,0.998580276966095,0.46633797883987427,0.3004971742630005,-0.23458509147167206,0.9987133741378784,0.45086321234703064,0.29969266057014465,-0.22800150513648987,0.9988016486167908,0.4478963017463684,0.2994619607925415,-0.22808246314525604,0.9985679984092712,0.44485965371131897,0.29931676387786865,-0.22810344398021698,0.9988161325454712,0.46995124220848083,0.3022627830505371,-0.13808812201023102,0.9968572854995728,0.43925562500953674,0.30265307426452637,-0.10863088071346283,0.9967548847198486,0.460763543844223,0.31926247477531433,-0.2068345993757248,0.9972051382064819,0.44832366704940796,0.31844809651374817,-0.19848868250846863,0.9973145723342896,0.4885652959346771,0.34716737270355225,-0.10896854102611542,0.999234139919281,0.4153020977973938,0.3454873561859131,-0.010541576892137527,0.9994910955429077,0.43350428342819214,0.39000970125198364,-0.15794408321380615,0.9159484505653381,0.3758048713207245,0.3819209337234497,-0.009966718032956123,0.8124000430107117,0.3684820830821991,0.38571667671203613,-0.2653723359107971,0.8599398732185364,0.3236907422542572,0.38865238428115845,-0.16473770141601562,0.8115331530570984,0.35170507431030273,0.39139604568481445,-0.3085252344608307,0.8066949844360352,0.30328238010406494,0.3896403908729553,-0.19646993279457092,0.7791290283203125,0.3526740074157715,0.3861565589904785,-0.3142765164375305,0.810788094997406,0.3027421236038208,0.38786202669143677,-0.22845549881458282,0.7973434925079346,0.3574386537075043,0.38365983963012695,-0.27032697200775146,0.7696892619132996,0.312832236289978,0.38812562823295593,-0.18243324756622314,0.7833411693572998,0.48312586545944214,0.48609739542007446,-0.01584034599363804,0.9994398355484009,0.4290925860404968,0.48682570457458496,0.015983007848262787,0.9995577335357666,0.5130894184112549,0.5880830883979797,-0.0357963889837265,0.9938872456550598,0.39406517148017883,0.592896044254303,0.0010292674414813519,0.9932453036308289,0.5351386666297913,0.6768226623535156,0.13438472151756287,0.9912059903144836,0.37577950954437256,0.6839457750320435,0.1699756383895874,0.9926168322563171,0.528579592704773,0.6892386674880981,0.14398492872714996,0.8842712044715881,0.37797465920448303,0.6965059041976929,0.1796473115682602,0.8839347958564758,0.5533303618431091,0.7122803330421448,0.01269921101629734,0.9842061400413513,0.3526550233364105,0.7156965136528015,0.05179532244801521,0.9840906262397766
98,0.4525774121284485,0.306295245885849,-0.250783234834671,0.999318540096283,0.458918035030365,0.2984398603439331,-0.2414952516555786,0.9988778233528137,0.4619506299495697,0.2990197539329529,-0.2415381222963333,0.9986239671707153,0.4655483365058899,0.29944339394569397,-0.24154751002788544,0.9987528324127197,0.45035773515701294,0.29699838161468506,-0.23198695480823517,0.9988212585449219,0.4478321969509125,0.29666396975517273,-0.2320479452610016,0.9985805153846741,0.4452444911003113,0.29646384716033936,-0.23205235600471497,0.9988270998001099,0.4687098562717438,0.3024148643016815,-0.15155020356178284,0.9969114065170288,0.44052210450172424,0.30095574259757996,-0.10916969925165176,0.9967396855354309,0.4587205946445465,0.3176547884941101,-0.21472272276878357,0.99720299243927,0.4468020498752594,0.3141993582248688,-0.2025700807571411,0.9973058104515076,0.48744210600852966,0.3472108840942383,-0.13241879642009735,0.9992167949676514,0.41472190618515015,0.3461487293243408,-0.0011458008084446192,0.9994493126869202,0.4350866377353668,0.39236247539520264,-0.20329555869102478,0.9178423881530762,0.37245574593544006,0.3818771243095398,0.01048723142594099,0.8111594319343567,0.3513299226760864,0.39115411043167114,-0.3227882981300354,0.8619996905326843,0.31871140003204346,0.38822439312934875,-0.13306403160095215,0.8102752566337585,0.3491670787334442,0.39700961112976074,-0.37028783559799194,0.8081578612327576,0.2955639064311981,0.38899779319763184,-0.15970972180366516,0.7755465507507324,0.34900927543640137,0.39119747281074524,-0.3693470060825348,0.8117077350616455,0.29459503293037415,0.38762447237968445,-0.1946146935224533,0.7940559983253479,0.3541785478591919,0.3888901174068451,-0.3251538574695587,0.7700321674346924,0.30568644404411316,0.38748931884765625,-0.1518235057592392,0.7808905839920044,0.4836292862892151,0.4867391586303711,-0.02336324192583561,0.9994416832923889,0.4300634264945984,0.4882405698299408,0.023524055257439613,0.9995636343955994,0.5124951004981995,0.59066241979599,-0.034500282257795334,0.9939493536949158,0.3947609066963196,0.5917452573776245,-0.014486761763691902,0.9935566186904907,0.5338160991668701,0.6780118942260742,0.14615993201732635,0.9913811683654785,0.374926894903183,0.6844869256019592,0.15902461111545563,0.9929145574569702,0.5293790698051453,0.6932563781738281,0.15665653347969055,0.8855664730072021,0.37908899784088135,0.6990864872932434,0.16931948065757751,0.887458324432373,0.5511825084686279,0.7129860520362854,0.025768224149942398,0.9845290780067444,0.3493390679359436,0.7156099677085876,0.04212222248315811,0.9846567511558533
99,0.45149606466293335,0.308031290769577,-0.2706422805786133,0.9993045330047607,0.45727235078811646,0.29946357011795044,-0.2611556649208069,0.9988766312599182,0.4606812000274658,0.29958558082580566,-0.2611883580684662,0.998620867729187,0.4639216363430023,0.29962244629859924,-0.26120319962501526,0.9987488389015198,0.4483606219291687,0.29904913902282715,-0.25421759486198425,0.9988008141517639,0.4456726908683777,0.29887765645980835,-0.2543068826198578,0.9985412955284119,0.4428480267524719,0.2987489104270935,-0.2543312609195709,0.9987963438034058,0.46788349747657776,0.30217379331588745,-0.16835065186023712,0.9968695044517517,0.43786129355430603,0.3028377890586853,-0.13699492812156677,0.9966962337493896,0.457622230052948,0.31868839263916016,-0.2327582836151123,0.997063398361206,0.44510167837142944,0.31802594661712646,-0.22386424243450165,0.9971640706062317,0.4882339835166931,0.34554213285446167,-0.1337309181690216,0.9991447329521179,0.4128722548484802,0.34689706563949585,-0.03341355174779892,0.9993811249732971,0.43500909209251404,0.38387632369995117,-0.19005167484283447,0.9138200283050537,0.3629337549209595,0.37523648142814636,-0.015538694337010384,0.8124970197677612,0.37180623412132263,0.37346741557121277,-0.2960874140262604,0.8547617197036743,0.3042198419570923,0.3761204481124878,-0.13376487791538239,0.8081918358802795,0.35517165064811707,0.37675485014915466,-0.3382798731327057,0.7996983528137207,0.28526419401168823,0.37743079662323,-0.15720564126968384,0.7717392444610596,0.35618895292282104,0.37182867527008057,-0.34016844630241394,0.8029094934463501,0.28475648164749146,0.3757321834564209,-0.1914549618959427,0.790539562702179,0.36078882217407227,0.37047749757766724,-0.2995806932449341,0.7608234286308289,0.29205167293548584,0.3749861717224121,-0.15156292915344238,0.7784665822982788,0.4829176962375641,0.4835999011993408,-0.013500836677849293,0.9994195103645325,0.4281342625617981,0.48529571294784546,0.013600794598460197,0.9995471239089966,0.5123953819274902,0.586823046207428,-0.02744489535689354,0.9939713478088379,0.39485329389572144,0.5930135250091553,0.0038135305512696505,0.9937739372253418,0.5347667932510376,0.6775804758071899,0.13970743119716644,0.9915247559547424,0.37577810883522034,0.6840436458587646,0.17497757077217102,0.9930368065834045,0.5287671089172363,0.6904431581497192,0.1491125077009201,0.8874937295913696,0.3777616024017334,0.6964616179466248,0.18513797223567963,0.8885835409164429,0.5526907444000244,0.712994396686554,0.015785720199346542,0.9848356246948242,0.3544558584690094,0.7173597812652588,0.056905023753643036,0.9848790764808655
100,0.45228973031044006,0.3144197463989258,-0.2737126350402832,0.9993231892585754,0.4579165577888489,0.3051794767379761,-0.26152756810188293,0.9989126324653625,0.46124544739723206,0.30520501732826233,-0.26153838634490967,0.9986622333526611,0.4644438624382019,0.30502596497535706,-0.26158222556114197,0.9987810254096985,0.4481147825717926,0.30455636978149414,-0.25830402970314026,0.9988287091255188,0.4448331892490387,0.30419832468032837,-0.2583898603916168,0.998566746711731,0.4415867328643799,0.30378788709640503,-0.25843343138694763,0.9988130927085876,0.46822184324264526,0.30607691407203674,-0.16061750054359436,0.9969595670700073,0.43621787428855896,0.30598533153533936,-0.1463339775800705,0.9968011975288391,0.4583645462989807,0.3246932029724121,-0.23317375779151917,0.9971138834953308,0.4452971816062927,0.3241545259952545,-0.229204922914505,0.9971941113471985,0.4890815317630768,0.34822073578834534,-0.10305752605199814,0.9990260004997253,0.412293016910553,0.34835660457611084,-0.0527067705988884,0.9993070960044861,0.4621127247810364,0.3909212648868561,-0.11019343137741089,0.901111364364624,0.36040937900543213,0.37341633439064026,-0.02926144003868103,0.8174699544906616,0.4314879775047302,0.3938063681125641,-0.19090226292610168,0.8341312408447266,0.3026140630245209,0.3756006360054016,-0.12716034054756165,0.8056749105453491,0.4240688383579254,0.3995143175125122,-0.21875126659870148,0.7776660919189453,0.28443002700805664,0.37619104981422424,-0.1473330408334732,0.7669428586959839,0.4259105324745178,0.39623552560806274,-0.23554250597953796,0.7818405032157898,0.2842532992362976,0.375,-0.18051794171333313,0.7860662937164307,0.4270549714565277,0.3940764367580414,-0.19957129657268524,0.7413922548294067,0.2912144362926483,0.3747164011001587,-0.14390429854393005,0.7753913402557373,0.4829953610897064,0.485775887966156,-0.002911279909312725,0.9993811249732971,0.42809104919433594,0.4891355633735657,0.0030173026025295258,0.999521791934967,0.5119646787643433,0.584673285484314,-0.022565489634871483,0.9941991567611694,0.3938257694244385,0.5967482924461365,-0.00939861685037613,0.9941338896751404,0.534521758556366,0.674432098865509,0.13998118042945862,0.991887092590332,0.37431612610816956,0.6871843338012695,0.15682968497276306,0.9933897256851196,0.5294511914253235,0.6899204254150391,0.1483863741159439,0.8920574188232422,0.3762820363044739,0.7009749412536621,0.16564570367336273,0.8927146196365356,0.5527170896530151,0.7096477746963501,0.015579743310809135,0.9854497313499451,0.35202109813690186,0.7171525359153748,0.03408825770020485,0.9855391979217529
101,0.45221489667892456,0.307847261428833,-0.21324720978736877,0.9993600845336914,0.4581295847892761,0.2995094656944275,-0.1989770531654358,0.9989723563194275,0.4612937867641449,0.29970911145210266,-0.19900110363960266,0.9987305998802185,0.4645387530326843,0.29977917671203613,-0.19904528558254242,0.998837411403656,0.44855648279190063,0.2986266613006592,-0.19748979806900024,0.9988943934440613,0.44526392221450806,0.298300564289093,-0.19758819043636322,0.9986439347267151,0.4416857361793518,0.2980508506298065,-0.19762247800827026,0.9988716244697571,0.46894437074661255,0.3024650812149048,-0.09586458653211594,0.9971374869346619,0.43620914220809937,0.3017098605632782,-0.09027543663978577,0.9970141053199768,0.45853495597839355,0.3178325891494751,-0.17229191958904266,0.9972625374794006,0.4449794888496399,0.31637251377105713,-0.17080813646316528,0.9973334670066833,0.4906211495399475,0.3464233875274658,-0.05919632315635681,0.9987635612487793,0.41022586822509766,0.34773701429367065,-0.022989816963672638,0.9992119669914246,0.4743185043334961,0.398798406124115,-0.14206431806087494,0.8818234205245972,0.36494767665863037,0.37628835439682007,-0.13784906268119812,0.8173263669013977,0.45439615845680237,0.4007650315761566,-0.3092510998249054,0.8191669583320618,0.3178688883781433,0.3680816888809204,-0.37670931220054626,0.8082871437072754,0.45063114166259766,0.40700873732566833,-0.3496285080909729,0.7646528482437134,0.2961276173591614,0.3621535301208496,-0.42398780584335327,0.7706552147865295,0.4512764811515808,0.4021903872489929,-0.3636500835418701,0.7701218724250793,0.3008076548576355,0.36087363958358765,-0.4415664076805115,0.7894385457038879,0.45105046033859253,0.40005773305892944,-0.3199951946735382,0.7310857176780701,0.31002360582351685,0.3626645505428314,-0.3919973075389862,0.7793968915939331,0.4827650189399719,0.4845631718635559,-0.00030440001864917576,0.9993670582771301,0.42642074823379517,0.4878097474575043,0.00039896921953186393,0.9995180368423462,0.5101220011711121,0.589531660079956,0.0013646612642332911,0.9941713809967041,0.3948511481285095,0.5934266448020935,-0.0004598356317728758,0.9941344857215881,0.5349154472351074,0.6754813194274902,0.15892326831817627,0.9918470978736877,0.37604811787605286,0.6837712526321411,0.1622825562953949,0.9934898018836975,0.5305154323577881,0.6901282072067261,0.16650091111660004,0.8915009498596191,0.3768804371356964,0.6975104212760925,0.1706313192844391,0.8923677802085876,0.5526294112205505,0.7107377052307129,0.029860761016607285,0.9853014349937439,0.35617566108703613,0.7168794274330139,0.03645705431699753,0.9855688214302063
102,0.45110979676246643,0.3121742606163025,-0.21742630004882812,0.9993931651115417,0.45698612928390503,0.3035067915916443,-0.2038521021604538,0.9990266561508179,0.46025505661964417,0.3036224842071533,-0.20386986434459686,0.9987927675247192,0.4636441171169281,0.30358588695526123,-0.2039141207933426,0.9988893866539001,0.4466954171657562,0.3028734028339386,-0.2031337320804596,0.9989528059959412,0.44316157698631287,0.3026317358016968,-0.20322637259960175,0.998713493347168,0.4396878778934479,0.3024193048477173,-0.20325741171836853,0.9989230632781982,0.46761566400527954,0.30459630489349365,-0.1020798459649086,0.9972999691963196,0.43446213006973267,0.304337739944458,-0.0999622717499733,0.997196614742279,0.4578002095222473,0.32194533944129944,-0.17690996825695038,0.9974020719528198,0.4436637759208679,0.3209824562072754,-0.17638354003429413,0.9974470138549805,0.48896774649620056,0.34740495681762695,-0.05959407612681389,0.9984970688819885,0.40999525785446167,0.34898632764816284,-0.03628154471516609,0.9990631341934204,0.4784863591194153,0.4010922312736511,-0.10702105611562729,0.8579275012016296,0.37071073055267334,0.37789344787597656,-0.15927620232105255,0.8140192627906799,0.471210777759552,0.41771405935287476,-0.23928244411945343,0.7965287566184998,0.31961607933044434,0.368880957365036,-0.3997046947479248,0.8056378960609436,0.4716176986694336,0.42757105827331543,-0.2716958522796631,0.7445034980773926,0.2987138032913208,0.3660731017589569,-0.44636183977127075,0.7687637805938721,0.47216519713401794,0.424579918384552,-0.2918311655521393,0.7519077062606812,0.29969269037246704,0.3637017607688904,-0.4641783833503723,0.7875943779945374,0.4704112410545349,0.42114347219467163,-0.25144749879837036,0.7151747941970825,0.30915218591690063,0.3649124503135681,-0.41525745391845703,0.7780687808990479,0.4829522967338562,0.485729843378067,0.0002553959784563631,0.9993477463722229,0.4268544316291809,0.4892640709877014,-0.00016895696171559393,0.9995088577270508,0.5108461380004883,0.5895984768867493,0.007240152917802334,0.994054913520813,0.39319756627082825,0.5966720581054688,0.0014098553219810128,0.994074285030365,0.535146176815033,0.6770882606506348,0.16501393914222717,0.9917834401130676,0.3751008212566376,0.6845929622650146,0.16287948191165924,0.9935455322265625,0.530143141746521,0.6918970942497253,0.17255830764770508,0.8906968235969543,0.37689414620399475,0.6958519816398621,0.171184241771698,0.8917149901390076,0.5537989139556885,0.7115436792373657,0.03749522566795349,0.9850509166717529,0.3559563159942627,0.7175283432006836,0.039062026888132095,0.9854686260223389
103,0.4492250084877014,0.3125222325325012,-0.21443375945091248,0.9994314908981323,0.45571908354759216,0.30407124757766724,-0.20083478093147278,0.9990875124931335,0.4591185450553894,0.3040653467178345,-0.2008579671382904,0.998862624168396,0.462423712015152,0.3038907051086426,-0.20089557766914368,0.998948872089386,0.44555920362472534,0.30317243933677673,-0.19912417232990265,0.999022364616394,0.4422523081302643,0.30264371633529663,-0.19923077523708344,0.9987972974777222,0.4388103485107422,0.30172330141067505,-0.19928155839443207,0.9989910125732422,0.4673472046852112,0.30540522933006287,-0.09897899627685547,0.9974746108055115,0.43430382013320923,0.30453503131866455,-0.09283221513032913,0.9974050521850586,0.45608264207839966,0.3224421739578247,-0.1737748086452484,0.997542142868042,0.4426087439060211,0.3210839033126831,-0.17214734852313995,0.9975860118865967,0.4886232316493988,0.3471704125404358,-0.07051292061805725,0.9981310963630676,0.41035738587379456,0.3489648699760437,-0.025236841291189194,0.9990049004554749,0.46336689591407776,0.3935185968875885,-0.16096407175064087,0.8454078435897827,0.36415576934814453,0.3712378144264221,-0.1617927849292755,0.8160684704780579,0.42656010389328003,0.38773685693740845,-0.31362012028694153,0.7886713743209839,0.31695234775543213,0.3592267632484436,-0.42007675766944885,0.8116016387939453,0.4175376892089844,0.39301255345344543,-0.35476014018058777,0.7371021509170532,0.2967323064804077,0.353462278842926,-0.4719286859035492,0.7759013175964355,0.4180963635444641,0.3878667652606964,-0.3640204071998596,0.745012104511261,0.2984829843044281,0.35105934739112854,-0.48492735624313354,0.7940905094146729,0.4202725291252136,0.3860990107059479,-0.3220497667789459,0.7088230848312378,0.3099457323551178,0.35398873686790466,-0.43435221910476685,0.7850742340087891,0.48293691873550415,0.48801183700561523,-0.0013285967288538814,0.9993537068367004,0.4265426695346832,0.49116843938827515,0.0014146988978609443,0.9995194673538208,0.5110340714454651,0.5916421413421631,0.0019592002499848604,0.9941754341125488,0.39338672161102295,0.5965989828109741,0.002277423394843936,0.9941944479942322,0.5353236198425293,0.6786164045333862,0.16060209274291992,0.9919235706329346,0.37601718306541443,0.6838700771331787,0.17144359648227692,0.9937692880630493,0.5291296243667603,0.6924961805343628,0.1684936136007309,0.8912876844406128,0.37810420989990234,0.6979932188987732,0.18068096041679382,0.8929930329322815,0.554844319820404,0.7110698223114014,0.03050730563700199,0.9852396845817566,0.3538113534450531,0.7167635560035706,0.0463043749332428,0.9858241677284241
104,0.4501854479312897,0.30908524990081787,-0.2244878113269806,0.9994674921035767,0.4565691351890564,0.30069416761398315,-0.21023836731910706,0.9991433620452881,0.459801584482193,0.3008105158805847,-0.21026989817619324,0.9989269375801086,0.4632125496864319,0.3007630705833435,-0.21031804382801056,0.9990048408508301,0.4466983675956726,0.2995914816856384,-0.20950083434581757,0.9990860223770142,0.4433554708957672,0.299127459526062,-0.20960679650306702,0.9988747835159302,0.43979698419570923,0.29868829250335693,-0.20966072380542755,0.9990538954734802,0.46829670667648315,0.30270445346832275,-0.10668979585170746,0.9976348876953125,0.4347218871116638,0.30182093381881714,-0.1050686240196228,0.9975908398628235,0.45691347122192383,0.31924790143966675,-0.18357226252555847,0.9976702928543091,0.44294899702072144,0.31770825386047363,-0.1832311749458313,0.9977066516876221,0.48883041739463806,0.3471611738204956,-0.07176097482442856,0.9976896643638611,0.41089287400245667,0.34788066148757935,-0.04124637693166733,0.9989058971405029,0.4679138660430908,0.3962550461292267,-0.13805276155471802,0.8306529521942139,0.36803191900253296,0.37097081542015076,-0.1824032962322235,0.8197529911994934,0.4412509799003601,0.3947623670101166,-0.26810386776924133,0.7777704000473022,0.31724268198013306,0.3593238890171051,-0.44009917974472046,0.8182452917098999,0.4351781904697418,0.4005391597747803,-0.30385082960128784,0.7261270880699158,0.29613882303237915,0.3519963026046753,-0.4915529191493988,0.78337562084198,0.43644922971725464,0.39628925919532776,-0.31725600361824036,0.7348966598510742,0.300767183303833,0.35022932291030884,-0.5043320655822754,0.8008617162704468,0.4373334050178528,0.3942728340625763,-0.2776647210121155,0.6996179223060608,0.3089183568954468,0.35247474908828735,-0.4542798101902008,0.7920154929161072,0.4833371043205261,0.4878494143486023,0.0003240440273657441,0.9993522763252258,0.4279100298881531,0.49122482538223267,-0.0002350162685615942,0.9995256662368774,0.5113264322280884,0.5931603312492371,0.007698031608015299,0.9942820072174072,0.39347487688064575,0.5958033204078674,0.0058553204871714115,0.994338870048523,0.5334830284118652,0.6751331686973572,0.17773140966892242,0.9920394420623779,0.37699413299560547,0.6828140616416931,0.1831737756729126,0.9939801096916199,0.527462363243103,0.688940167427063,0.1868271380662918,0.8917175531387329,0.3786608874797821,0.6956276893615723,0.1933135986328125,0.8940587043762207,0.5507873296737671,0.7127724885940552,0.049774568527936935,0.9853784441947937,0.3581539988517761,0.7167825698852539,0.05895962566137314,0.9861569404602051
105,0.4496513307094574,0.31152912974357605,-0.23426194489002228,0.9994996190071106,0.45622605085372925,0.3028665781021118,-0.2193680703639984,0.99919193983078,0.45961442589759827,0.30299264192581177,-0.2193831503391266,0.9989836812019348,0.4632731080055237,0.30289170145988464,-0.2194349467754364,0.9990546703338623,0.4460984766483307,0.3019219934940338,-0.21868745982646942,0.9991374015808105,0.4427657723426819,0.30146074295043945,-0.21879589557647705,0.9989354610443115,0.43936699628829956,0.30098825693130493,-0.21883180737495422,0.9991005063056946,0.4681217074394226,0.30433914065361023,-0.1124604195356369,0.9977739453315735,0.43480902910232544,0.3032192587852478,-0.11110888421535492,0.9977341294288635,0.45671018958091736,0.3219139575958252,-0.1921885907649994,0.9977838397026062,0.44292718172073364,0.320110559463501,-0.19186383485794067,0.9977995753288269,0.4874765872955322,0.348569393157959,-0.06508023291826248,0.9974563121795654,0.4107598662376404,0.34623342752456665,-0.042468760162591934,0.9987920522689819,0.47767266631126404,0.3998311161994934,-0.11265041679143906,0.8158968091011047,0.36357247829437256,0.36816665530204773,-0.16883781552314758,0.8222717046737671,0.4714736044406891,0.4059215188026428,-0.24306423962116241,0.7653360366821289,0.3177719712257385,0.34765419363975525,-0.41307979822158813,0.8223865032196045,0.47163668274879456,0.41247111558914185,-0.2743757665157318,0.7146747708320618,0.29907986521720886,0.33914005756378174,-0.4604981541633606,0.7878293991088867,0.47314733266830444,0.4089909493923187,-0.29434558749198914,0.7245891094207764,0.30065739154815674,0.3364120125770569,-0.4750165343284607,0.8046817779541016,0.47147679328918457,0.406689316034317,-0.2549358010292053,0.6906692981719971,0.3081957697868347,0.3391241431236267,-0.42733803391456604,0.7955477237701416,0.48317965865135193,0.4865632951259613,0.0006998971221037209,0.999341607093811,0.4275522828102112,0.4886694550514221,-0.000640416459646076,0.9995200634002686,0.5119346380233765,0.59079909324646,-0.0029844280797988176,0.9943258762359619,0.3947860598564148,0.5948726534843445,-0.00732638593763113,0.99440997838974,0.5344637632369995,0.6762185096740723,0.15315352380275726,0.9921838641166687,0.376295804977417,0.6826887726783752,0.15934503078460693,0.9940995573997498,0.5287424325942993,0.6900310516357422,0.16037192940711975,0.8935069441795349,0.37809228897094727,0.6965594291687012,0.16798226535320282,0.8956923484802246,0.5508441925048828,0.7142965793609619,0.01997946947813034,0.9855228662490845,0.35657578706741333,0.7165147066116333,0.031420715153217316,0.9863023161888123
106,0.4498036503791809,0.3126015067100525,-0.22199030220508575,0.9995273351669312,0.45626744627952576,0.30425745248794556,-0.2072240561246872,0.9992343187332153,0.45960092544555664,0.304381787776947,-0.20723779499530792,0.9990314245223999,0.46287503838539124,0.3043113350868225,-0.2072761505842209,0.9990954399108887,0.44647955894470215,0.3031652569770813,-0.20629823207855225,0.9991841912269592,0.44318312406539917,0.3026203215122223,-0.20641331374645233,0.9989904761314392,0.43961191177368164,0.30208098888397217,-0.20645256340503693,0.9991435408592224,0.46663665771484375,0.30588459968566895,-0.1010461300611496,0.9978933334350586,0.43501242995262146,0.3042609691619873,-0.09879269450902939,0.9978660345077515,0.45647484064102173,0.32292890548706055,-0.17997945845127106,0.9978605508804321,0.44339245557785034,0.32150352001190186,-0.17942970991134644,0.9978679418563843,0.4858768582344055,0.3495253324508667,-0.06236236169934273,0.9971113204956055,0.4109687805175781,0.3472334146499634,-0.029202917590737343,0.9986755847930908,0.46991729736328125,0.3977341651916504,-0.1266673058271408,0.8035560846328735,0.3636248707771301,0.3686637282371521,-0.16604167222976685,0.8215320706367493,0.45230260491371155,0.3931504487991333,-0.26231181621551514,0.7568578124046326,0.3179389238357544,0.3473544716835022,-0.4182191789150238,0.8254234790802002,0.448894202709198,0.3973916172981262,-0.29615518450737,0.7068626880645752,0.2993382215499878,0.3388935923576355,-0.466621458530426,0.7912081480026245,0.4504058361053467,0.3931244909763336,-0.31025537848472595,0.717194139957428,0.3009227514266968,0.3360934257507324,-0.4782885015010834,0.807310938835144,0.45012807846069336,0.39174532890319824,-0.2719065546989441,0.6838210225105286,0.30849921703338623,0.33860114216804504,-0.43152326345443726,0.7977433800697327,0.48267999291419983,0.48638495802879333,-0.00023645737383048981,0.9993219375610352,0.42715948820114136,0.48903077840805054,0.0002763901720754802,0.9995105266571045,0.5113938450813293,0.5894979238510132,-0.004381800536066294,0.9943311214447021,0.39414963126182556,0.5935190320014954,-0.0077246250584721565,0.9944073557853699,0.5351712107658386,0.6770910620689392,0.1463715136051178,0.9922552704811096,0.37663108110427856,0.6836265325546265,0.15429461002349854,0.9941490292549133,0.5289485454559326,0.6937886476516724,0.15338963270187378,0.8942108154296875,0.3788953721523285,0.6966911554336548,0.16274011135101318,0.8962355256080627,0.5531958341598511,0.7135589122772217,0.014718791469931602,0.9855414032936096,0.3570976257324219,0.7184827327728271,0.027689095586538315,0.9862798452377319
107,0.4449656903743744,0.3106772005558014,-0.2055264264345169,0.9995540380477905,0.4518553614616394,0.3029513359069824,-0.1908201426267624,0.9992760419845581,0.4554198682308197,0.30295997858047485,-0.19084009528160095,0.9990776777267456,0.4591524004936218,0.30285683274269104,-0.1908547282218933,0.9991347789764404,0.442298948764801,0.30246657133102417,-0.18618544936180115,0.9992300868034363,0.4394277036190033,0.30217087268829346,-0.18628346920013428,0.9990436434745789,0.4363650679588318,0.3018924593925476,-0.18631677329540253,0.9991856217384338,0.4641692042350769,0.30531173944473267,-0.0883316844701767,0.9980025291442871,0.43322715163230896,0.3046216368675232,-0.06884610652923584,0.9979913830757141,0.45249471068382263,0.32095271348953247,-0.1654866337776184,0.9979395270347595,0.43956583738327026,0.3198240399360657,-0.160000741481781,0.9979488253593445,0.48552900552749634,0.3499734699726105,-0.06964113563299179,0.9968777894973755,0.4102247357368469,0.3492509722709656,0.0016043403884395957,0.998631477355957,0.4618913531303406,0.39421674609184265,-0.2141910046339035,0.8061909079551697,0.36565616726875305,0.3652391731739044,-0.14636904001235962,0.8243251442909241,0.42084354162216187,0.36910194158554077,-0.40759092569351196,0.764867901802063,0.3242824971675873,0.34091997146606445,-0.41575780510902405,0.8332703709602356,0.41065073013305664,0.3677809238433838,-0.45748376846313477,0.7143758535385132,0.3087886571884155,0.33491259813308716,-0.46690139174461365,0.7992919087409973,0.4113512933254242,0.3622983694076538,-0.4558759331703186,0.7238472104072571,0.3095213770866394,0.3303053379058838,-0.47784143686294556,0.8143476247787476,0.4134228825569153,0.3629516065120697,-0.41270318627357483,0.6899124383926392,0.31655651330947876,0.3339649438858032,-0.4291737675666809,0.8044119477272034,0.48225611448287964,0.4862052798271179,-0.0073834555223584175,0.9993415474891663,0.4271388649940491,0.4888492524623871,0.007407953031361103,0.9995256066322327,0.5088877081871033,0.5887650847434998,-0.01989247277379036,0.9944743514060974,0.394253134727478,0.5933356285095215,-0.002378147793933749,0.994545042514801,0.5346777439117432,0.6760549545288086,0.14512887597084045,0.9924008846282959,0.3760831952095032,0.6833537220954895,0.166687473654747,0.994295060634613,0.5272204279899597,0.6932450532913208,0.15341490507125854,0.895015299320221,0.3788967430591583,0.6964241862297058,0.17574642598628998,0.8974797129631042,0.5530776977539062,0.7120543718338013,0.011492997407913208,0.9857465028762817,0.3536266088485718,0.7158563137054443,0.037641968578100204,0.9865300059318542
108,0.4479590058326721,0.3069540560245514,-0.20381486415863037,0.9995623230934143,0.4545796811580658,0.30075615644454956,-0.18928498029708862,0.9992918968200684,0.4576959013938904,0.30097275972366333,-0.189311221241951,0.9990909099578857,0.46078968048095703,0.30107131600379944,-0.18933898210525513,0.999144434928894,0.4463793635368347,0.2985038459300995,-0.18511860072612762,0.9992506504058838,0.44357985258102417,0.29824894666671753,-0.18523478507995605,0.9990664720535278,0.44127506017684937,0.29784128069877625,-0.18527168035507202,0.9992031455039978,0.46480339765548706,0.30348461866378784,-0.0870993360877037,0.998026967048645,0.43701305985450745,0.3024033308029175,-0.07024037837982178,0.9980551600456238,0.45412784814834595,0.31875860691070557,-0.1637485921382904,0.997882604598999,0.4424985945224762,0.31564420461654663,-0.15895506739616394,0.997910737991333,0.48241209983825684,0.3473517894744873,-0.07023864984512329,0.9964737296104431,0.41112956404685974,0.34614455699920654,0.007357192225754261,0.9985101819038391,0.4500761926174164,0.3833145499229431,-0.1844632774591446,0.8040897250175476,0.3683169484138489,0.36143022775650024,-0.10393790900707245,0.8152309060096741,0.4099624752998352,0.3522223234176636,-0.3502734303474426,0.7658589482307434,0.3228950500488281,0.3424367606639862,-0.3497055768966675,0.8292012810707092,0.3999449908733368,0.34909358620643616,-0.39964738488197327,0.715849757194519,0.3102126121520996,0.3363320827484131,-0.39828789234161377,0.796464741230011,0.401946485042572,0.34474194049835205,-0.40195998549461365,0.7251216173171997,0.31226372718811035,0.33389711380004883,-0.4154604971408844,0.8119081854820251,0.4041112959384918,0.3457103371620178,-0.3567615747451782,0.6910714507102966,0.3179243206977844,0.3357316255569458,-0.3651535212993622,0.802634060382843,0.4820221960544586,0.4848424792289734,-0.008297907188534737,0.9993488192558289,0.42755308747291565,0.48726004362106323,0.008304975926876068,0.9995318651199341,0.5081861019134521,0.587864100933075,-0.021062705665826797,0.9945376515388489,0.393624871969223,0.5947989225387573,-0.0002613449178170413,0.9945646524429321,0.5358608365058899,0.6827883124351501,0.13513068854808807,0.9925234913825989,0.3767762780189514,0.6871442794799805,0.16397443413734436,0.9943657517433167,0.5295004844665527,0.6967798471450806,0.14291436970233917,0.8960578441619873,0.38050782680511475,0.699519157409668,0.1728968322277069,0.898901104927063,0.5551700592041016,0.7163647413253784,0.0023694036062806845,0.9858863353729248,0.3557683825492859,0.7167878150939941,0.03704411908984184,0.9866273999214172
109,0.44630488753318787,0.3026314973831177,-0.18515852093696594,0.9995923042297363,0.4523564279079437,0.29692935943603516,-0.16944336891174316,0.9993335604667664,0.45573824644088745,0.29743629693984985,-0.16946882009506226,0.9991400837898254,0.45888200402259827,0.29791998863220215,-0.16951119899749756,0.9991897344589233,0.44436144828796387,0.29502519965171814,-0.16813699901103973,0.999295711517334,0.442185640335083,0.2949678301811218,-0.16825611889362335,0.9991214275360107,0.43986281752586365,0.29484823346138,-0.16826924681663513,0.9992469549179077,0.46364420652389526,0.3016819357872009,-0.0667363852262497,0.998149573802948,0.4356752336025238,0.30043020844459534,-0.06333727389574051,0.9981700778007507,0.45266014337539673,0.3138205409049988,-0.14552061259746552,0.9980142116546631,0.4408622682094574,0.3123863637447357,-0.14451445639133453,0.9980286955833435,0.4844399094581604,0.3472176790237427,-0.02730085887014866,0.9965530037879944,0.4098605215549469,0.344880074262619,-0.000928285822737962,0.9985471963882446,0.4778054356575012,0.410919725894928,-0.0743207111954689,0.7958245873451233,0.3685561418533325,0.3614150285720825,-0.13553276658058167,0.820263683795929,0.47788795828819275,0.4360823631286621,-0.21727995574474335,0.7613565921783447,0.32796216011047363,0.3359377384185791,-0.3896152675151825,0.8373599052429199,0.48075634241104126,0.4481584131717682,-0.24810023605823517,0.7119386792182922,0.3138427138328552,0.3269895315170288,-0.43815940618515015,0.8052647113800049,0.4801797866821289,0.44580286741256714,-0.27117908000946045,0.7219430208206177,0.317634642124176,0.32476550340652466,-0.4487408995628357,0.8196224570274353,0.4771437644958496,0.4409450888633728,-0.23019440472126007,0.6891912817955017,0.3230959177017212,0.3271927833557129,-0.40194758772850037,0.8095211386680603,0.48214298486709595,0.48429328203201294,0.0012354706414043903,0.9993723630905151,0.42722663283348083,0.48513931035995483,-0.0012485141633078456,0.9995483160018921,0.5094669461250305,0.5862727761268616,-0.012608219869434834,0.9946889281272888,0.39426693320274353,0.5936778783798218,-0.01334236841648817,0.9947065114974976,0.5362979769706726,0.6822457313537598,0.12939679622650146,0.992790937423706,0.3759598135948181,0.6875830292701721,0.13811680674552917,0.994518518447876,0.5295120477676392,0.6960750222206116,0.1347450166940689,0.8981611132621765,0.3792135417461395,0.6996930837631226,0.14492903649806976,0.9000325202941895,0.5567191243171692,0.7158974409103394,-0.00785804633051157,0.9862507581710815,0.35396698117256165,0.717995285987854,0.006173185538500547,0.9868831038475037
110,0.4444045424461365,0.30459368228912354,-0.20257094502449036,0.9996193051338196,0.4514680504798889,0.2976246774196625,-0.1869143396615982,0.9993699789047241,0.4548794627189636,0.2979726791381836,-0.18693940341472626,0.999182939529419,0.4584030508995056,0.2982833683490753,-0.18697834014892578,0.9992287755012512,0.44247967004776,0.2968440353870392,-0.18426790833473206,0.999335765838623,0.43981021642684937,0.2966725826263428,-0.18438665568828583,0.9991706013679504,0.43688973784446716,0.29660192131996155,-0.1844080537557602,0.9992867112159729,0.4635571837425232,0.30193600058555603,-0.08244981616735458,0.9982565641403198,0.43429452180862427,0.30060824751853943,-0.0726311206817627,0.9982715249061584,0.45218944549560547,0.3160271644592285,-0.16226740181446075,0.998133659362793,0.4390583634376526,0.3136298358440399,-0.1594253033399582,0.9981400370597839,0.4835779070854187,0.34815067052841187,-0.0407111756503582,0.9966229796409607,0.41081714630126953,0.3467092514038086,-0.002014589961618185,0.9985912442207336,0.4733780026435852,0.41136494278907776,-0.09739799052476883,0.7915722727775574,0.37070995569229126,0.3650195300579071,-0.1328791379928589,0.8246834874153137,0.4686984121799469,0.42441049218177795,-0.2514333128929138,0.7599627375602722,0.3304325342178345,0.3392326235771179,-0.3957972526550293,0.8453465700149536,0.4695248603820801,0.4329787790775299,-0.2849619388580322,0.7107720971107483,0.3185197710990906,0.32964128255844116,-0.4456617832183838,0.8139005899429321,0.47051578760147095,0.42945390939712524,-0.3067860007286072,0.7211772203445435,0.3192121982574463,0.325176477432251,-0.4560430645942688,0.827147364616394,0.4682022035121918,0.4259125292301178,-0.2640223801136017,0.688815712928772,0.3251662850379944,0.32922810316085815,-0.4081316590309143,0.8161612153053284,0.4817560315132141,0.48508864641189575,-0.002600823761895299,0.9993909001350403,0.4275740683078766,0.4866628050804138,0.0026274367701262236,0.9995635747909546,0.5096414685249329,0.5873059034347534,-0.02434871532022953,0.994918942451477,0.3938803970813751,0.5935989022254944,-0.01422234158962965,0.994926393032074,0.5362723469734192,0.6830602288246155,0.12759877741336823,0.9931094646453857,0.3757617473602295,0.6873176693916321,0.1451932191848755,0.9947401285171509,0.5303225517272949,0.6989617347717285,0.13374905288219452,0.9007729887962341,0.3791545033454895,0.6999525427818298,0.1524195373058319,0.9026746153831482,0.5557610988616943,0.7169532179832458,-0.011576380580663681,0.9867324233055115,0.3514316976070404,0.7180145978927612,0.011410364881157875,0.9873164296150208
111,0.4438716769218445,0.3054174780845642,-0.19442367553710938,0.9996380805969238,0.45080628991127014,0.2979500889778137,-0.1778777539730072,0.9993957877159119,0.4542151093482971,0.2983000874519348,-0.17788882553577423,0.9992116689682007,0.4576250910758972,0.29857099056243896,-0.177911639213562,0.9992535710334778,0.44189542531967163,0.2971559166908264,-0.1754133403301239,0.9993655681610107,0.43930333852767944,0.29702916741371155,-0.17554393410682678,0.9992058873176575,0.4365106523036957,0.2970063090324402,-0.17557623982429504,0.999315083026886,0.4620303213596344,0.3023436367511749,-0.07019118964672089,0.998327374458313,0.434090793132782,0.3010856509208679,-0.061305128037929535,0.9983511567115784,0.4513339102268219,0.3161436915397644,-0.1527865082025528,0.9981904029846191,0.43853744864463806,0.31384456157684326,-0.15029530227184296,0.9981985688209534,0.4804064631462097,0.34766197204589844,-0.03409845009446144,0.9964740872383118,0.4095303416252136,0.34718695282936096,0.009871712885797024,0.9985839128494263,0.46444839239120483,0.40158963203430176,-0.11123156547546387,0.7849608659744263,0.3630601465702057,0.3670881390571594,-0.11918354034423828,0.825859010219574,0.44612160325050354,0.39353978633880615,-0.2710202932357788,0.755800187587738,0.32765018939971924,0.33077728748321533,-0.37675803899765015,0.8489565849304199,0.4423148036003113,0.3965983986854553,-0.3080083429813385,0.7067961096763611,0.31611424684524536,0.32032328844070435,-0.42590799927711487,0.8174299597740173,0.44427290558815,0.3921942412853241,-0.3217490017414093,0.7170417904853821,0.3183233439922333,0.3161054849624634,-0.43474704027175903,0.8297656178474426,0.44383153319358826,0.39079993963241577,-0.2807121276855469,0.6843563318252563,0.32353338599205017,0.3200596570968628,-0.3883136808872223,0.8177556395530701,0.481049120426178,0.48377472162246704,-0.0008549342164769769,0.9993848204612732,0.42590880393981934,0.4857718348503113,0.0008710536058060825,0.9995652437210083,0.5084906220436096,0.5875188708305359,-0.018154451623558998,0.9949696660041809,0.39538389444351196,0.5921968221664429,-0.014334534294903278,0.9949608445167542,0.5373164415359497,0.682003378868103,0.13066348433494568,0.9932193756103516,0.3769221901893616,0.6871016621589661,0.14188522100448608,0.9947781562805176,0.532491147518158,0.6964091658592224,0.13698047399520874,0.901861310005188,0.37986013293266296,0.6999439597129822,0.14924319088459015,0.9032883644104004,0.5556439161300659,0.7142984867095947,-0.006740516982972622,0.986849844455719,0.35401296615600586,0.7190728187561035,0.008416571654379368,0.9873473644256592
112,0.4418405592441559,0.3052850365638733,-0.1855604201555252,0.9996516108512878,0.4492512345314026,0.29751718044281006,-0.1703348159790039,0.9994137287139893,0.4526539444923401,0.2978971004486084,-0.17035682499408722,0.999228298664093,0.45643869042396545,0.2982918918132782,-0.17038662731647491,0.999267041683197,0.44073373079299927,0.29716551303863525,-0.16377060115337372,0.9993831515312195,0.4384705424308777,0.29718315601348877,-0.16387327015399933,0.9992222785949707,0.4356253743171692,0.2972724437713623,-0.16390465199947357,0.9993255734443665,0.4624527096748352,0.30258357524871826,-0.06916284561157227,0.998363733291626,0.4340531826019287,0.3009793162345886,-0.04146965965628624,0.9983870983123779,0.44958123564720154,0.31591179966926575,-0.1466410905122757,0.9981967806816101,0.43747082352638245,0.31483715772628784,-0.13873915374279022,0.9982088208198547,0.48240095376968384,0.34978264570236206,-0.048921458423137665,0.9961553812026978,0.4094323515892029,0.346542626619339,0.033009760081768036,0.9984792470932007,0.46548962593078613,0.39892175793647766,-0.1924290508031845,0.7883067727088928,0.3656633496284485,0.35915571451187134,-0.10758477449417114,0.8223703503608704,0.44535478949546814,0.36476758122444153,-0.4006197452545166,0.7657527923583984,0.32779550552368164,0.33066898584365845,-0.3861076831817627,0.8520751595497131,0.44076305627822876,0.3599807620048523,-0.45047497749328613,0.7175818085670471,0.3156787157058716,0.320474773645401,-0.4353874623775482,0.8205359578132629,0.4434851109981537,0.35419315099716187,-0.4522135853767395,0.7271215319633484,0.318294882774353,0.31727802753448486,-0.4472183585166931,0.832206130027771,0.44290900230407715,0.35610294342041016,-0.4073178768157959,0.6939961910247803,0.3237491250038147,0.3203155994415283,-0.39981716871261597,0.8195716142654419,0.4806059002876282,0.4861127436161041,-0.008468728512525558,0.9993841052055359,0.42628908157348633,0.4879916310310364,0.008442522957921028,0.9995624423027039,0.5088776350021362,0.5885698199272156,-0.026936182752251625,0.9950176477432251,0.3940471410751343,0.5950465798377991,-0.004047330468893051,0.9950189590454102,0.5362951159477234,0.6841107606887817,0.13280856609344482,0.9933068752288818,0.3761651813983917,0.687786877155304,0.15817397832870483,0.9948228001594543,0.5303701758384705,0.6969189047813416,0.14016151428222656,0.9023533463478088,0.3789409399032593,0.7019630074501038,0.16629226505756378,0.9038369059562683,0.5562901496887207,0.7168321013450623,-0.004661057610064745,0.9869147539138794,0.35365861654281616,0.7189030647277832,0.026130277663469315,0.9873990416526794
113,0.44374537467956543,0.31085875630378723,-0.21206672489643097,0.9996749758720398,0.4516878128051758,0.3029400110244751,-0.19668017327785492,0.9994507431983948,0.45555251836776733,0.3031653165817261,-0.19668874144554138,0.9992719292640686,0.4588986039161682,0.30323219299316406,-0.1966676265001297,0.999304473400116,0.44146713614463806,0.3021594285964966,-0.19419518113136292,0.9994251132011414,0.43867677450180054,0.3019378185272217,-0.19431570172309875,0.9992737770080566,0.4353993833065033,0.30175042152404785,-0.19434316456317902,0.9993690252304077,0.46246105432510376,0.30609244108200073,-0.08883985877037048,0.998460054397583,0.4335174560546875,0.3049551844596863,-0.07950112968683243,0.9985023736953735,0.45211735367774963,0.3213541507720947,-0.16964736580848694,0.9982902407646179,0.4388898015022278,0.3198558986186981,-0.1670781672000885,0.9983127117156982,0.480978786945343,0.3496761918067932,-0.06630995869636536,0.9960386753082275,0.40797704458236694,0.34719541668891907,-0.01315644197165966,0.9985184669494629,0.4538978934288025,0.38723674416542053,-0.2124076783657074,0.7929614186286926,0.37120458483695984,0.3651077151298523,-0.19199886918067932,0.830032467842102,0.4139246940612793,0.3626360297203064,-0.4021875858306885,0.7742113471031189,0.33504003286361694,0.3251684904098511,-0.47422733902931213,0.8616638779640198,0.4042762815952301,0.3614881634712219,-0.45025619864463806,0.725013017654419,0.32356923818588257,0.3111790418624878,-0.529123067855835,0.8306213021278381,0.40513211488723755,0.35712653398513794,-0.4485331177711487,0.7334368228912354,0.3261723518371582,0.30935174226760864,-0.5319690704345703,0.8410529494285583,0.4069747030735016,0.3578639626502991,-0.4070401191711426,0.6996314525604248,0.3310662508010864,0.3144737482070923,-0.4841786026954651,0.8277077674865723,0.4819175601005554,0.4857304096221924,-0.006159178912639618,0.9994067549705505,0.4271554946899414,0.48795977234840393,0.006177980452775955,0.9995821714401245,0.5081373453140259,0.5869382619857788,-0.026845086365938187,0.9951581358909607,0.39478567242622375,0.5913683176040649,-0.014853524044156075,0.9951313138008118,0.5361800193786621,0.6836327314376831,0.1267758309841156,0.9934859275817871,0.3770669102668762,0.6883003115653992,0.14578765630722046,0.99492347240448,0.5304368734359741,0.6968467235565186,0.13385942578315735,0.902971625328064,0.38001635670661926,0.7032766342163086,0.15375539660453796,0.9046759605407715,0.555931806564331,0.7155198454856873,-0.01009459886699915,0.9871314764022827,0.3546096384525299,0.7183346748352051,0.012497886084020138,0.9875273704528809
114,0.4442184567451477,0.3119952082633972,-0.2354324609041214,0.9996942281723022,0.4511259198188782,0.3040403723716736,-0.22062787413597107,0.9994803071022034,0.455125093460083,0.3046151399612427,-0.2206326723098755,0.9993079900741577,0.45860180258750916,0.30468839406967163,-0.2205982655286789,0.9993295669555664,0.4414058327674866,0.3032303750514984,-0.21717384457588196,0.9994608163833618,0.4387136399745941,0.3028981387615204,-0.2172878235578537,0.9993205666542053,0.4360760748386383,0.3024880290031433,-0.2173232138156891,0.9994071125984192,0.46294093132019043,0.30657094717025757,-0.1112656369805336,0.9985380172729492,0.4329148828983307,0.3049275279045105,-0.09674672037363052,0.9986093044281006,0.4516963064670563,0.3220604360103607,-0.19197699427604675,0.9983550906181335,0.43913087248802185,0.3205886483192444,-0.18800115585327148,0.9983959794044495,0.4809185862541199,0.3478928804397583,-0.09122311323881149,0.9958323836326599,0.40741854906082153,0.3436567783355713,-0.03062497451901436,0.9985739588737488,0.4400390684604645,0.375484824180603,-0.259133905172348,0.7999140024185181,0.3709920644760132,0.3602392077445984,-0.2146253138780594,0.8394542932510376,0.3796595633029938,0.3428579568862915,-0.4531279504299164,0.7842360734939575,0.3339904546737671,0.32021379470825195,-0.5041597485542297,0.871329665184021,0.3646596670150757,0.3399955630302429,-0.5071356892585754,0.7334707975387573,0.32097864151000977,0.3103243112564087,-0.561968207359314,0.8408743739128113,0.36557573080062866,0.3359043002128601,-0.49920815229415894,0.7403290271759033,0.32372528314590454,0.30819785594940186,-0.5643967986106873,0.8501481413841248,0.36938247084617615,0.33716124296188354,-0.4556451737880707,0.7049792408943176,0.32910019159317017,0.31248214840888977,-0.5138682126998901,0.8360748887062073,0.4814605712890625,0.4877414107322693,-0.0080715948715806,0.9994292855262756,0.4259420931339264,0.4889998435974121,0.008107786066830158,0.9996010661125183,0.5058662295341492,0.5885981321334839,-0.033546239137649536,0.9952728152275085,0.393766850233078,0.5965880751609802,-0.008495183661580086,0.995277464389801,0.5361512303352356,0.6842188835144043,0.14608138799667358,0.9935808181762695,0.3754729628562927,0.689375638961792,0.1663431078195572,0.9950661659240723,0.5290813446044922,0.696670413017273,0.15599854290485382,0.9027332663536072,0.37774547934532166,0.7016340494155884,0.17589625716209412,0.9051685333251953,0.5562250018119812,0.7167962789535522,0.012941641733050346,0.9871801137924194,0.3535546660423279,0.7216982841491699,0.032841190695762634,0.9877253174781799
115,0.4465273916721344,0.31346195936203003,-0.2048582136631012,0.9997108578681946,0.45249995589256287,0.3047633171081543,-0.189846932888031,0.9995086193084717,0.45596179366111755,0.30459797382354736,-0.1898583024740219,0.9993405938148499,0.4589174687862396,0.30490201711654663,-0.18984228372573853,0.9993569254875183,0.4425289034843445,0.3047654330730438,-0.18792647123336792,0.9994917511940002,0.4395863115787506,0.304563969373703,-0.18802940845489502,0.9993576407432556,0.43665289878845215,0.3041937053203583,-0.18807698786258698,0.9994378685951233,0.46154314279556274,0.30638545751571655,-0.08524391800165176,0.9986023306846619,0.4324403405189514,0.30626291036605835,-0.0778261199593544,0.9986997842788696,0.45313435792922974,0.32324808835983276,-0.16346558928489685,0.9984024167060852,0.44047147035598755,0.32261186838150024,-0.16143746674060822,0.9984496235847473,0.47895026206970215,0.3467863202095032,-0.06925744563341141,0.9952391386032104,0.4064970910549164,0.34229111671447754,-0.024804191663861275,0.9985219836235046,0.454719603061676,0.3733465373516083,-0.23738686740398407,0.8024970889091492,0.36743712425231934,0.35421228408813477,-0.21960172057151794,0.8453589677810669,0.4226456582546234,0.33987075090408325,-0.4324187636375427,0.7910599708557129,0.33406326174736023,0.31458503007888794,-0.5063108801841736,0.8781957030296326,0.41560107469558716,0.3356492221355438,-0.48336276412010193,0.7395036816596985,0.32316064834594727,0.30425870418548584,-0.5649740695953369,0.8476923108100891,0.4173848032951355,0.3328932523727417,-0.48177528381347656,0.7459211349487305,0.32652831077575684,0.30256587266921997,-0.5666061043739319,0.8562421798706055,0.4182654321193695,0.33503323793411255,-0.4385038912296295,0.7110140919685364,0.33245712518692017,0.30835723876953125,-0.5167726874351501,0.8421890139579773,0.48043471574783325,0.48595887422561646,-0.005133091472089291,0.9994354248046875,0.42553067207336426,0.4884156584739685,0.005158028099685907,0.9996099472045898,0.5055770874023438,0.5890920162200928,-0.014601262286305428,0.9952300786972046,0.3937211334705353,0.5969206690788269,-0.009005855768918991,0.9952895641326904,0.5365003347396851,0.6814377307891846,0.139680877327919,0.9935536980628967,0.3757806420326233,0.6893187761306763,0.15225791931152344,0.9950635433197021,0.5292274951934814,0.6974235773086548,0.14712531864643097,0.9005047678947449,0.37828266620635986,0.7021186351776123,0.16054017841815948,0.9040718674659729,0.5551552772521973,0.7145622968673706,0.005845264066010714,0.9869379997253418,0.355303555727005,0.7196264863014221,0.021653981879353523,0.9875662922859192
116,0.4420601427555084,0.3127249777317047,-0.24497053027153015,0.9997170567512512,0.44964972138404846,0.30442607402801514,-0.2366660088300705,0.9995218515396118,0.4534243047237396,0.30487060546875,-0.23671069741249084,0.9993512630462646,0.45655184984207153,0.3045558035373688,-0.2367064505815506,0.999363899230957,0.44026294350624084,0.30454516410827637,-0.22377462685108185,0.9995014667510986,0.43773871660232544,0.30436578392982483,-0.22384294867515564,0.9993641972541809,0.435202032327652,0.30400216579437256,-0.22386249899864197,0.9994422197341919,0.46089592576026917,0.30609560012817383,-0.15159153938293457,0.9986159801483154,0.4321886897087097,0.30603575706481934,-0.09395378082990646,0.9987112879753113,0.44995182752609253,0.3221817910671234,-0.21026989817619324,0.9983441829681396,0.4383625388145447,0.32155463099479675,-0.19372409582138062,0.99839848279953,0.4769302010536194,0.34715527296066284,-0.15886276960372925,0.9947564601898193,0.41129007935523987,0.34339141845703125,-0.0083371102809906,0.9983372092247009,0.42693957686424255,0.3651057481765747,-0.34127622842788696,0.8148362636566162,0.3687150478363037,0.3575608432292938,-0.15017683804035187,0.8382207751274109,0.3617781102657318,0.32284247875213623,-0.4964917302131653,0.8016927242279053,0.3372083306312561,0.31364747881889343,-0.4047923982143402,0.8764216899871826,0.34578651189804077,0.31583327054977417,-0.5533410906791687,0.7488815784454346,0.32634133100509644,0.30249327421188354,-0.45493394136428833,0.8434343338012695,0.34151357412338257,0.30966973304748535,-0.5386965274810791,0.753942608833313,0.33024537563323975,0.3014034032821655,-0.4608401656150818,0.8511852025985718,0.3437206745147705,0.31150734424591064,-0.49542999267578125,0.7182773947715759,0.33363062143325806,0.307364821434021,-0.4162359833717346,0.8363341689109802,0.4786315858364105,0.48623910546302795,-0.03120254911482334,0.9994327425956726,0.4251943528652191,0.48725658655166626,0.03118842840194702,0.9996069073677063,0.5065397024154663,0.5870453119277954,-0.056774817407131195,0.9951425790786743,0.3939124345779419,0.5930386781692505,0.01127689890563488,0.9952659010887146,0.5355775356292725,0.6802239418029785,0.11154092848300934,0.993512749671936,0.3761764466762543,0.6875833868980408,0.18759994208812714,0.9949243068695068,0.5286700129508972,0.6975661516189575,0.12122771888971329,0.8988872766494751,0.37878188490867615,0.7011092901229858,0.19821631908416748,0.9043445587158203,0.5514622330665588,0.7121381759643555,-0.019929254427552223,0.9865939021110535,0.35585153102874756,0.7182177901268005,0.06513677537441254,0.987110435962677
117,0.44451919198036194,0.3105100691318512,-0.2114703208208084,0.9997373223304749,0.45143216848373413,0.30159878730773926,-0.1966753900051117,0.9995557069778442,0.454638808965683,0.30148011445999146,-0.19668230414390564,0.999393880367279,0.45801860094070435,0.30117368698120117,-0.1966487616300583,0.999403715133667,0.4413474202156067,0.3016834855079651,-0.19314834475517273,0.9995373487472534,0.43826061487197876,0.3015623688697815,-0.1932569146156311,0.9994078278541565,0.4344126582145691,0.30132707953453064,-0.19329729676246643,0.9994797110557556,0.46136727929115295,0.3039952516555786,-0.092476487159729,0.9986996054649353,0.4311378002166748,0.3042309284210205,-0.07734666764736176,0.9988071918487549,0.45228180289268494,0.32022595405578613,-0.1703416109085083,0.9984313249588013,0.4393693804740906,0.32009702920913696,-0.1660853922367096,0.9984886646270752,0.48138943314552307,0.34589117765426636,-0.07539395242929459,0.9944554567337036,0.40670281648635864,0.34371331334114075,-0.021390950307250023,0.9983208775520325,0.4556902348995209,0.3702217936515808,-0.2578046917915344,0.8184090852737427,0.3652111291885376,0.3528308868408203,-0.22213764488697052,0.8442524671554565,0.4223550856113434,0.32808053493499756,-0.45990270376205444,0.8092238306999207,0.3396252989768982,0.3000100255012512,-0.5102735161781311,0.8829033970832825,0.4147021770477295,0.3212643265724182,-0.511949360370636,0.7560426592826843,0.3310900330543518,0.2891277074813843,-0.5678530335426331,0.8497319221496582,0.41653332114219666,0.31837165355682373,-0.505630612373352,0.7603376507759094,0.3340592682361603,0.28738099336624146,-0.5654908418655396,0.8566077351570129,0.41754063963890076,0.32157108187675476,-0.46405482292175293,0.7247980237007141,0.33802199363708496,0.2895767092704773,-0.5190082788467407,0.8413136601448059,0.47971010208129883,0.4855395257472992,-0.0033129651565104723,0.9994434714317322,0.42488378286361694,0.48657578229904175,0.003315148176625371,0.9996165633201599,0.5065984129905701,0.5881367325782776,-0.010796860791742802,0.9951044917106628,0.39452677965164185,0.5942290425300598,-0.008868822827935219,0.9952587485313416,0.5352004766464233,0.6828128695487976,0.13884778320789337,0.9936025142669678,0.3756137490272522,0.6875019073486328,0.15447857975959778,0.9949173927307129,0.5304230451583862,0.6988005042076111,0.14544549584388733,0.898809552192688,0.378905713558197,0.6996645927429199,0.16278915107250214,0.9030259251594543,0.5551625490188599,0.7138456106185913,0.0008496370865032077,0.9866693615913391,0.3567095398902893,0.7188519835472107,0.02180592156946659,0.9870179891586304
118,0.44159644842147827,0.3097861409187317,-0.2139107882976532,0.9997530579566956,0.44945597648620605,0.30219578742980957,-0.19978226721286774,0.9995818734169006,0.4526595175266266,0.30218321084976196,-0.19980527460575104,0.9994258284568787,0.4562548100948334,0.3019369840621948,-0.19978566467761993,0.9994328022003174,0.43929678201675415,0.3021378517150879,-0.19503605365753174,0.9995641112327576,0.4362584054470062,0.30198100209236145,-0.19513285160064697,0.9994391798973083,0.4321207106113434,0.30153942108154297,-0.19516783952713013,0.9995056390762329,0.45933637022972107,0.305355966091156,-0.09840696305036545,0.998758852481842,0.4289613366127014,0.3038567304611206,-0.07806681096553802,0.9988780617713928,0.4495473802089691,0.3198603391647339,-0.1739349365234375,0.9984896183013916,0.4366683065891266,0.31931400299072266,-0.16815732419490814,0.9985470771789551,0.47927457094192505,0.3461492657661438,-0.08528563380241394,0.9941559433937073,0.4039611220359802,0.34243813157081604,-0.01961207576096058,0.9982461333274841,0.4574688971042633,0.3753100335597992,-0.2786746621131897,0.8230693936347961,0.365042507648468,0.3551977276802063,-0.21606990694999695,0.8479053378105164,0.4242539405822754,0.33182525634765625,-0.4886011481285095,0.8167687058448792,0.3398282825946808,0.3047870695590973,-0.49960121512413025,0.8876938819885254,0.4167097210884094,0.32421547174453735,-0.5424572825431824,0.7632642984390259,0.32970213890075684,0.2893892526626587,-0.5550951957702637,0.8538277745246887,0.41842788457870483,0.32068610191345215,-0.5335038304328918,0.7668454647064209,0.33304399251937866,0.28782933950424194,-0.5541565418243408,0.8599284291267395,0.41918474435806274,0.32421910762786865,-0.49187296628952026,0.7314414978027344,0.3379490077495575,0.2942417562007904,-0.5088016390800476,0.844154953956604,0.4789866805076599,0.48547571897506714,-0.007794983685016632,0.9994444251060486,0.4233930706977844,0.48632827401161194,0.007788622286170721,0.9996175169944763,0.5066919326782227,0.5879219770431519,-0.01752188242971897,0.9951002597808838,0.39345496892929077,0.5942596793174744,-0.006923348642885685,0.9952852129936218,0.5356488823890686,0.680732011795044,0.13645999133586884,0.9936685562133789,0.3757209777832031,0.6864540576934814,0.16012386977672577,0.9948941469192505,0.5309910774230957,0.697010338306427,0.14369182288646698,0.8983384966850281,0.3780623972415924,0.699212908744812,0.16902831196784973,0.9018850922584534,0.555220901966095,0.7127071619033813,-0.0004758262657560408,0.9866650104522705,0.3577796220779419,0.7181107401847839,0.029770303517580032,0.9868680238723755
119,0.4429700970649719,0.3032311797142029,-0.21632497012615204,0.9997680187225342,0.44842085242271423,0.2953507602214813,-0.2027265727519989,0.9996070265769958,0.45237356424331665,0.29546651244163513,-0.20275823771953583,0.9994567632675171,0.45534801483154297,0.2953934967517853,-0.2027393877506256,0.9994595646858215,0.43932923674583435,0.29577821493148804,-0.19927652180194855,0.9995900392532349,0.4367019236087799,0.29611736536026,-0.1993894875049591,0.9994697570800781,0.4339767396450043,0.2962924838066101,-0.1994393765926361,0.9995303750038147,0.4602035880088806,0.2992474138736725,-0.10199688374996185,0.9988172054290771,0.4290056824684143,0.2994612455368042,-0.08732210844755173,0.9989508986473083,0.449280321598053,0.31354671716690063,-0.17607536911964417,0.9985548853874207,0.4372715353965759,0.31381046772003174,-0.1719122976064682,0.9986110925674438,0.4803672730922699,0.3409177362918854,-0.08827066421508789,0.9937149286270142,0.4001587927341461,0.33665400743484497,-0.03790301829576492,0.9981873631477356,0.4631306529045105,0.3691074252128601,-0.3045393228530884,0.8229404091835022,0.3696373999118805,0.3489643931388855,-0.2705886662006378,0.8513592481613159,0.4368222653865814,0.32561054825782776,-0.5286065936088562,0.8204669952392578,0.3460076153278351,0.29923680424690247,-0.5700127482414246,0.8923800587654114,0.43163639307022095,0.3176102042198181,-0.5830714106559753,0.7656309604644775,0.3425629734992981,0.28468722105026245,-0.629217267036438,0.8577448725700378,0.43339139223098755,0.31496766209602356,-0.5733519196510315,0.7685413360595703,0.3418237864971161,0.2816472053527832,-0.6232591271400452,0.8629587292671204,0.43341344594955444,0.31881916522979736,-0.5322378873825073,0.7328983545303345,0.3444695770740509,0.2878931760787964,-0.577729344367981,0.8463181257247925,0.4779842495918274,0.4813608229160309,-0.005950638093054295,0.999449610710144,0.42314013838768005,0.483250230550766,0.00594740267843008,0.999620795249939,0.5055202841758728,0.5847755074501038,-0.02212403155863285,0.9951167106628418,0.392880916595459,0.5937148332595825,-0.02110413648188114,0.9953058958053589,0.5356919765472412,0.6805278062820435,0.118716761469841,0.9937927722930908,0.37623360753059387,0.6862481832504272,0.14214684069156647,0.994892418384552,0.5317769646644592,0.6973071694374084,0.12400133907794952,0.8983936309814453,0.37976500391960144,0.6994930505752563,0.15030422806739807,0.9011661410331726,0.5543233752250671,0.711359977722168,-0.02649794891476631,0.9867808818817139,0.3580612242221832,0.7173223495483398,0.00654837628826499,0.9867890477180481
120,0.4396682381629944,0.300121545791626,-0.2094387263059616,0.9997735023498535,0.44773513078689575,0.292422354221344,-0.20025666058063507,0.9996196627616882,0.45172032713890076,0.2927468717098236,-0.2003019154071808,0.9994695782661438,0.4549575448036194,0.29299765825271606,-0.20030704140663147,0.9994716644287109,0.43981990218162537,0.29216235876083374,-0.1869940161705017,0.9995968341827393,0.43799442052841187,0.29228031635284424,-0.18707293272018433,0.9994716644287109,0.43606242537498474,0.29238587617874146,-0.18707579374313354,0.9995294213294983,0.46254387497901917,0.29822295904159546,-0.11675609648227692,0.9988476037979126,0.434910386800766,0.29665613174438477,-0.056964825838804245,0.9989482760429382,0.4481554925441742,0.3120889663696289,-0.17582590878009796,0.9985399842262268,0.4367106556892395,0.30741435289382935,-0.1586524099111557,0.9985855221748352,0.4794068932533264,0.33957958221435547,-0.12421081215143204,0.9938009977340698,0.4047679007053375,0.338245689868927,0.023229269310832024,0.9980458617210388,0.43902072310447693,0.3637135624885559,-0.3054157495498657,0.8309881091117859,0.36752432584762573,0.3480362892150879,-0.11980848014354706,0.8419246077537537,0.384268194437027,0.3192789554595947,-0.4655674993991852,0.8244929313659668,0.34482866525650024,0.28763484954833984,-0.3578314781188965,0.8859592080116272,0.37129226326942444,0.3108472526073456,-0.5188748240470886,0.767307698726654,0.3349599242210388,0.27684158086776733,-0.40165048837661743,0.8473643064498901,0.35955116152763367,0.29697638750076294,-0.5019580721855164,0.7686705589294434,0.3403330445289612,0.276714026927948,-0.4040382504463196,0.8512772917747498,0.3758266866207123,0.3118157386779785,-0.46332281827926636,0.731351375579834,0.3448604345321655,0.27871173620224,-0.3670218586921692,0.8325003981590271,0.47803840041160583,0.47957316040992737,-0.029427174478769302,0.99946528673172,0.4242636561393738,0.482654869556427,0.029369954019784927,0.9996284246444702,0.5062315464019775,0.5846061706542969,-0.057630620896816254,0.9950887560844421,0.3919115662574768,0.5950896143913269,0.013643482699990273,0.9952675700187683,0.532393753528595,0.6789796352386475,0.10903861373662949,0.9937962889671326,0.3735218942165375,0.6897167563438416,0.18557092547416687,0.994756817817688,0.5265870690345764,0.6945971250534058,0.11804908514022827,0.8988916277885437,0.3769393563270569,0.7058016061782837,0.19529569149017334,0.9018340110778809,0.5533856749534607,0.710818886756897,-0.02551126852631569,0.9866610765457153,0.3478074073791504,0.7185269594192505,0.05825137346982956,0.9864358305931091
121,0.43897944688796997,0.2899446189403534,-0.16033965349197388,0.9997081756591797,0.44419771432876587,0.2868180274963379,-0.15342670679092407,0.9995389580726624,0.4454321265220642,0.28689759969711304,-0.15345384180545807,0.9993510246276855,0.4465824067592621,0.2870546579360962,-0.15347416698932648,0.9993467330932617,0.4391125738620758,0.28215575218200684,-0.13991662859916687,0.9995048642158508,0.4383176863193512,0.28251001238822937,-0.14000962674617767,0.9993499517440796,0.43407735228538513,0.28298360109329224,-0.1400320678949356,0.9994141459465027,0.45347699522972107,0.2901485562324524,-0.08495991677045822,0.998620331287384,0.4332243800163269,0.2929455637931824,-0.023911938071250916,0.9987559914588928,0.4427770972251892,0.3038722574710846,-0.1322818100452423,0.9982205629348755,0.43356505036354065,0.30201059579849243,-0.11472572386264801,0.9982408285140991,0.47253140807151794,0.335845410823822,-0.10205056518316269,0.992357075214386,0.40954869985580444,0.33606401085853577,0.04072441905736923,0.9973114132881165,0.42033281922340393,0.3352786600589752,-0.27954351902008057,0.8380360007286072,0.386711448431015,0.34586870670318604,-0.11868916451931,0.8142457604408264,0.3589222729206085,0.289981484413147,-0.4286878705024719,0.8279877305030823,0.3559863865375519,0.29155075550079346,-0.37626007199287415,0.8652818202972412,0.34837061166763306,0.2776017189025879,-0.4819335341453552,0.771550178527832,0.34461891651153564,0.2760174870491028,-0.4269128441810608,0.8254611492156982,0.3505743443965912,0.2745829224586487,-0.4705299735069275,0.7723944187164307,0.3485829532146454,0.27361541986465454,-0.4304622709751129,0.8287040591239929,0.3563895523548126,0.2773372530937195,-0.428806871175766,0.7345525026321411,0.3545379638671875,0.27912408113479614,-0.3866642713546753,0.8090566992759705,0.46448737382888794,0.47820520401000977,-0.0315546989440918,0.9994527697563171,0.43007221817970276,0.47970861196517944,0.031402524560689926,0.9996073842048645,0.4951043725013733,0.583222508430481,-0.06776607036590576,0.9941030144691467,0.3976311683654785,0.5925850868225098,0.0006438121781684458,0.9945893883705139,0.4710060656070709,0.6844165921211243,0.07121064513921738,0.9929274916648865,0.43331271409988403,0.68699049949646,0.1454497128725052,0.9939979314804077,0.4661579728126526,0.7001155018806458,0.07772120088338852,0.8969295620918274,0.4433263838291168,0.7019819617271423,0.1535629779100418,0.9040560722351074,0.4689517617225647,0.7163377404212952,-0.06033511087298393,0.9844159483909607,0.41680440306663513,0.716667652130127,0.02395389974117279,0.9843366742134094
122,0.4387285113334656,0.29302164912223816,-0.2174067199230194,0.9997182488441467,0.444465696811676,0.2861866056919098,-0.20967301726341248,0.9995571374893188,0.44616395235061646,0.28647714853286743,-0.20972764492034912,0.9993715882301331,0.4504435658454895,0.2867230176925659,-0.2097245156764984,0.9993646740913391,0.4387475848197937,0.281318724155426,-0.19678357243537903,0.9995225071907043,0.4377567768096924,0.2815706431865692,-0.19686998426914215,0.9993693232536316,0.43656453490257263,0.2817293405532837,-0.19688478112220764,0.9994286298751831,0.45532137155532837,0.29016438126564026,-0.1312493234872818,0.9986640214920044,0.4362712502479553,0.29145532846450806,-0.0731571838259697,0.9987935423851013,0.44384726881980896,0.30448058247566223,-0.18550463020801544,0.9982600808143616,0.433906227350235,0.3020861744880676,-0.16877806186676025,0.9982737898826599,0.47584980726242065,0.33606046438217163,-0.13992127776145935,0.9921852946281433,0.4073072373867035,0.33376389741897583,-0.003242583479732275,0.9971889853477478,0.42695221304893494,0.3439391851425171,-0.3409143090248108,0.8471993803977966,0.3818926215171814,0.3435461223125458,-0.17452594637870789,0.8061720728874207,0.36142343282699585,0.29199495911598206,-0.5164361000061035,0.8358394503593445,0.3553979694843292,0.2897181212902069,-0.4443272054195404,0.8615797162055969,0.34929388761520386,0.27683860063552856,-0.5760759115219116,0.7799239158630371,0.34388116002082825,0.27485090494155884,-0.49930891394615173,0.819733202457428,0.35153844952583313,0.2745295464992523,-0.5610917210578918,0.7801817655563354,0.3480850160121918,0.27311182022094727,-0.5023305416107178,0.8223943114280701,0.35832831263542175,0.27965089678764343,-0.5161884427070618,0.7421056628227234,0.3541698157787323,0.2779974937438965,-0.45514115691185,0.8017507791519165,0.4712136387825012,0.47831934690475464,-0.026215489953756332,0.9994771480560303,0.427518755197525,0.4804266393184662,0.026191633194684982,0.9996214509010315,0.5017431378364563,0.5848307609558105,-0.05738459900021553,0.9940529465675354,0.3954754173755646,0.5907182693481445,0.006295729428529739,0.9945996403694153,0.5315333008766174,0.6836127638816833,0.10175909101963043,0.9929540753364563,0.37428760528564453,0.6874185800552368,0.17787489295005798,0.993880569934845,0.528226912021637,0.6990125179290771,0.10972903668880463,0.8977562189102173,0.3807048201560974,0.7032339572906494,0.1874639242887497,0.9059168100357056,0.5468398332595825,0.7070475816726685,-0.03784709796309471,0.9843367338180542,0.354198157787323,0.7140102386474609,0.04906873777508736,0.9840558171272278
123,0.42775946855545044,0.30232876539230347,-0.23601314425468445,0.9997414350509644,0.43616771697998047,0.2902681529521942,-0.22544705867767334,0.9995921850204468,0.43845319747924805,0.29012665152549744,-0.22549934685230255,0.9994190335273743,0.44035691022872925,0.28977909684181213,-0.2254742681980133,0.9994110465049744,0.4277641177177429,0.29063645005226135,-0.21714052557945251,0.9995591640472412,0.422873318195343,0.2910400629043579,-0.21721649169921875,0.9994148015975952,0.42090997099876404,0.29117149114608765,-0.21723535656929016,0.9994685053825378,0.44710245728492737,0.29563039541244507,-0.13409830629825592,0.9987601041793823,0.41836968064308167,0.29891663789749146,-0.09520529955625534,0.9988885521888733,0.4372519850730896,0.31000494956970215,-0.19874338805675507,0.9983929991722107,0.4269672930240631,0.310300350189209,-0.18756410479545593,0.9984017610549927,0.478213369846344,0.33401191234588623,-0.12517708539962769,0.9923136234283447,0.3986896872520447,0.33166933059692383,-0.052515946328639984,0.9972639679908752,0.4661080241203308,0.3458327651023865,-0.4002612233161926,0.8527729511260986,0.3695933520793915,0.33608362078666687,-0.3173545002937317,0.8199456930160522,0.4430272579193115,0.30050766468048096,-0.6697323322296143,0.8450314998626709,0.3599383533000946,0.28212204575538635,-0.6548920273780823,0.8730459809303284,0.4401528835296631,0.29176363348960876,-0.7364850044250488,0.7895166277885437,0.35239166021347046,0.2706325352191925,-0.7228149175643921,0.8331442475318909,0.43960729241371155,0.2906331717967987,-0.7219153642654419,0.7894352674484253,0.35572460293769836,0.26677757501602173,-0.71537184715271,0.8353341817855835,0.4388774037361145,0.29538851976394653,-0.6729480624198914,0.7519957423210144,0.36066773533821106,0.27201181650161743,-0.6636942625045776,0.8151339888572693,0.4753033220767975,0.4780694544315338,-0.012258246541023254,0.9995006918907166,0.42084598541259766,0.4803721308708191,0.012260448187589645,0.9996363520622253,0.5019075274467468,0.5854199528694153,-0.0439838245511055,0.9942901134490967,0.39299580454826355,0.5941190719604492,-0.021177303045988083,0.9948061108589172,0.5318496227264404,0.6831580400466919,0.1065700501203537,0.9932589530944824,0.37385809421539307,0.6884653568267822,0.1542985588312149,0.9940861463546753,0.5280333757400513,0.6977260112762451,0.11193309724330902,0.899919331073761,0.379543662071228,0.7020550966262817,0.16296766698360443,0.9056572318077087,0.5514365434646606,0.7102084159851074,-0.04983704164624214,0.9849483966827393,0.35115665197372437,0.7172225713729858,0.009703614749014378,0.9845457077026367
124,0.42735522985458374,0.30303269624710083,-0.2605508863925934,0.9997619986534119,0.43312495946884155,0.2956323027610779,-0.2501528561115265,0.9996230006217957,0.43506017327308655,0.29522451758384705,-0.2501932680606842,0.9994604587554932,0.44047078490257263,0.29437536001205444,-0.2501440942287445,0.9994512796401978,0.424828439950943,0.29580551385879517,-0.2424970418214798,0.9995927214622498,0.4233352243900299,0.295729398727417,-0.24259276688098907,0.9994576573371887,0.4216690957546234,0.295504629611969,-0.2426207810640335,0.999506950378418,0.44729700684547424,0.2948359251022339,-0.15620733797550201,0.9988440871238708,0.4204508662223816,0.2981536388397217,-0.11974252760410309,0.9989763498306274,0.4353666305541992,0.3138916790485382,-0.22194114327430725,0.9985078573226929,0.4259730875492096,0.3140445053577423,-0.21150323748588562,0.998515248298645,0.47504252195358276,0.33308762311935425,-0.14553067088127136,0.9923034310340881,0.4020312428474426,0.3343740701675415,-0.07028581202030182,0.9973750114440918,0.4523976445198059,0.341278076171875,-0.41058140993118286,0.8590593338012695,0.3725464344024658,0.34095054864883423,-0.33464959263801575,0.8322173357009888,0.40910330414772034,0.2884683907032013,-0.6572359204292297,0.852989137172699,0.35835424065589905,0.28348779678344727,-0.6742720007896423,0.8833537697792053,0.4002843499183655,0.27772390842437744,-0.7233898639678955,0.7967553734779358,0.35216060280799866,0.26769429445266724,-0.7454875111579895,0.8451958894729614,0.40011563897132874,0.2768104672431946,-0.707185685634613,0.7960236072540283,0.356364369392395,0.2664235234260559,-0.7363286018371582,0.84688401222229,0.40207570791244507,0.28212839365005493,-0.6591200232505798,0.7583906054496765,0.3587300181388855,0.27213603258132935,-0.6823017597198486,0.8268387317657471,0.4735410213470459,0.4783092439174652,-0.014092529192566872,0.9995130896568298,0.4240022301673889,0.48086613416671753,0.014125095680356026,0.9996461868286133,0.5003696084022522,0.5852364301681519,-0.052961982786655426,0.9943713545799255,0.3930132985115051,0.5934314727783203,-0.024722397327423096,0.994892418384552,0.5340830087661743,0.6852172613143921,0.10103251785039902,0.9933909773826599,0.3748994469642639,0.6894958019256592,0.15227824449539185,0.994151771068573,0.5296733379364014,0.7013617753982544,0.10700585693120956,0.9003301858901978,0.3806167244911194,0.7054783701896667,0.1611860990524292,0.9053729772567749,0.5548080205917358,0.7096111178398132,-0.0546669065952301,0.9851676225662231,0.35540691018104553,0.7169495820999146,0.007653038017451763,0.9846941828727722
125,0.43535614013671875,0.29529207944869995,-0.20308943092823029,0.9997807741165161,0.4395769536495209,0.28424423933029175,-0.19014966487884521,0.9996516108512878,0.4418322443962097,0.28426480293273926,-0.1901971846818924,0.9994994401931763,0.44741907715797424,0.283802330493927,-0.19017671048641205,0.999489426612854,0.43181246519088745,0.2847626209259033,-0.18173305690288544,0.99962317943573,0.4304637312889099,0.2851383686065674,-0.1818174123764038,0.9994964599609375,0.4290284216403961,0.2853872776031494,-0.18184976279735565,0.9995409250259399,0.45524778962135315,0.290597528219223,-0.09822859615087509,0.9989215135574341,0.424506813287735,0.2899702191352844,-0.05976562574505806,0.999051034450531,0.4421129822731018,0.30688315629959106,-0.1671052724123001,0.9986089468002319,0.4312829077243805,0.305230975151062,-0.156055748462677,0.9986141920089722,0.47940725088119507,0.34067487716674805,-0.09843264520168304,0.9922523498535156,0.40589386224746704,0.3369828164577484,-0.01852206513285637,0.9974204301834106,0.454534113407135,0.36779922246932983,-0.3396311402320862,0.8581874370574951,0.3767431974411011,0.34256160259246826,-0.2584737539291382,0.8416377305984497,0.4229077696800232,0.31654030084609985,-0.5598950386047363,0.8557184934616089,0.36214229464530945,0.28029578924179077,-0.558134913444519,0.8913664817810059,0.41703492403030396,0.30547046661376953,-0.6179606318473816,0.7986944913864136,0.3593654930591583,0.2644682824611664,-0.6184248328208923,0.8537430167198181,0.419292688369751,0.3034170866012573,-0.6035230159759521,0.7973639965057373,0.3647569417953491,0.2618354558944702,-0.6086368560791016,0.8547763824462891,0.4192526340484619,0.3080529570579529,-0.561464250087738,0.7597323060035706,0.36799347400665283,0.2674194276332855,-0.564474880695343,0.8345762491226196,0.47225865721702576,0.4848046898841858,-0.01668981835246086,0.9995357990264893,0.4223690927028656,0.4862948954105377,0.016687951982021332,0.999661386013031,0.498576819896698,0.588302731513977,-0.038154128938913345,0.9945958256721497,0.39329811930656433,0.5931372046470642,-0.001802932471036911,0.9950985312461853,0.5324224829673767,0.6863009929656982,0.12139762938022614,0.9936432838439941,0.3744298219680786,0.6866226196289062,0.17771528661251068,0.9942837357521057,0.5276370048522949,0.701164960861206,0.12852217257022858,0.9010152220726013,0.37899333238601685,0.7029297351837158,0.1873270720243454,0.9049468040466309,0.5504899024963379,0.712992787361145,-0.025035923346877098,0.9856095314025879,0.35174432396888733,0.7163218855857849,0.04173952713608742,0.984997034072876
126,0.43553486466407776,0.29481685161590576,-0.18711167573928833,0.9997991919517517,0.44281038641929626,0.2907368540763855,-0.1727258414030075,0.9996799230575562,0.4457610547542572,0.2907068729400635,-0.17277038097381592,0.9995390772819519,0.44864702224731445,0.2907150387763977,-0.17276425659656525,0.9995290637016296,0.43389248847961426,0.28628861904144287,-0.16808964312076569,0.9996526837348938,0.4301636219024658,0.28628742694854736,-0.16817636787891388,0.9995342493057251,0.42819681763648987,0.28634166717529297,-0.16820243000984192,0.9995741844177246,0.4558716416358948,0.2944880723953247,-0.0751335546374321,0.9990060925483704,0.42681941390037537,0.2948951721191406,-0.05444300174713135,0.9991256594657898,0.4438161253929138,0.3067206144332886,-0.14896756410598755,0.9987205862998962,0.43072861433029175,0.30577653646469116,-0.14301012456417084,0.9987207055091858,0.48210611939430237,0.3402289152145386,-0.06191403418779373,0.9926844835281372,0.40496572852134705,0.3364849388599396,-0.019621286541223526,0.9975706338882446,0.4671827256679535,0.38653600215911865,-0.26955968141555786,0.8552893996238708,0.3711963891983032,0.3424115777015686,-0.2638308107852936,0.8529398441314697,0.45044487714767456,0.3666810095310211,-0.489903062582016,0.8571568727493286,0.36163532733917236,0.2802177965641022,-0.5603799819946289,0.8998405337333679,0.4487118124961853,0.3653949797153473,-0.5399429798126221,0.7996424436569214,0.35812491178512573,0.26586365699768066,-0.6206386089324951,0.8634839057922363,0.4493764042854309,0.3625650703907013,-0.5354203581809998,0.7982078790664673,0.3627597391605377,0.26315218210220337,-0.6085635423660278,0.8640701770782471,0.44800058007240295,0.36363476514816284,-0.49490007758140564,0.7609872221946716,0.3666321933269501,0.2667631506919861,-0.5657309293746948,0.8442682027816772,0.474282443523407,0.48496121168136597,-0.006779334507882595,0.9995579719543457,0.42080849409103394,0.4870377480983734,0.006799913942813873,0.9996770620346069,0.5021817088127136,0.5923306345939636,-0.014403162524104118,0.9948517084121704,0.3931075632572174,0.5940422415733337,-0.01115613803267479,0.9953282475471497,0.5329588055610657,0.689287543296814,0.1305573284626007,0.9939538240432739,0.3727891445159912,0.690374493598938,0.1609382927417755,0.9945160746574402,0.5286596417427063,0.702201247215271,0.13570047914981842,0.9025267362594604,0.37781405448913574,0.7049212455749512,0.1695670485496521,0.905292272567749,0.5508446097373962,0.7147862911224365,-0.017169779166579247,0.9862132668495178,0.34854763746261597,0.7221463918685913,0.02541712485253811,0.9855387806892395
127,0.43415769934654236,0.2998484969139099,-0.23095038533210754,0.9998172521591187,0.43902626633644104,0.29225385189056396,-0.2192467451095581,0.999708354473114,0.44394606351852417,0.29264360666275024,-0.2193075716495514,0.9995789527893066,0.44738078117370605,0.2926642894744873,-0.21924272179603577,0.9995688796043396,0.4301437735557556,0.2912238538265228,-0.21175551414489746,0.9996833801269531,0.4279845356941223,0.29115384817123413,-0.21181288361549377,0.9995745420455933,0.4257883131504059,0.29101988673210144,-0.21180930733680725,0.9996104836463928,0.4541568160057068,0.29849153757095337,-0.12790650129318237,0.9990890622138977,0.4218605160713196,0.29549112915992737,-0.09241190552711487,0.9992043375968933,0.4407595694065094,0.31039121747016907,-0.19424979388713837,0.9988270401954651,0.4293760657310486,0.30952489376068115,-0.18406817317008972,0.9988269209861755,0.47924715280532837,0.3391779065132141,-0.13036897778511047,0.9927951693534851,0.4033227860927582,0.34156423807144165,-0.06267555803060532,0.9975785613059998,0.4628876745700836,0.32350197434425354,-0.4098341464996338,0.8648816347122192,0.37619301676750183,0.33418142795562744,-0.3308103680610657,0.8647529482841492,0.4362543225288391,0.2666199803352356,-0.6559080481529236,0.8673354387283325,0.3704051375389099,0.2726131081581116,-0.6283480525016785,0.9084120392799377,0.43288835883140564,0.25404906272888184,-0.7221665978431702,0.8116787075996399,0.36719709634780884,0.2554984986782074,-0.6929259896278381,0.8737826347351074,0.43137937784194946,0.25555771589279175,-0.7025787830352783,0.8100001215934753,0.3721742630004883,0.25403618812561035,-0.6815040111541748,0.8740576505661011,0.43050700426101685,0.2620126008987427,-0.657203733921051,0.7747136354446411,0.37360134720802307,0.26086118817329407,-0.6347665786743164,0.8550934195518494,0.47491925954818726,0.4834972321987152,-0.01415004301816225,0.9995806217193604,0.42076054215431213,0.4870308041572571,0.014176113530993462,0.9996920824050903,0.5036078691482544,0.5883843898773193,-0.041609860956668854,0.9949840307235718,0.39286747574806213,0.5969688892364502,-0.012821989133954048,0.9955116510391235,0.5325328707695007,0.6858226656913757,0.11468277126550674,0.9940674901008606,0.37226277589797974,0.6904886364936829,0.16192735731601715,0.9945921301841736,0.5297382473945618,0.7016826272010803,0.12204158306121826,0.9019508957862854,0.37631160020828247,0.7039923667907715,0.1714097261428833,0.9031820297241211,0.5525798201560974,0.7167867422103882,-0.030185407027602196,0.9863264560699463,0.3522363305091858,0.7200638651847839,0.025370050221681595,0.9855850338935852
128,0.4315423369407654,0.2989163398742676,-0.2268940955400467,0.9998335242271423,0.4372316002845764,0.29036015272140503,-0.2153516262769699,0.999734103679657,0.44031935930252075,0.2903750538825989,-0.21541757881641388,0.9996150732040405,0.4431913495063782,0.2902131676673889,-0.21536293625831604,0.999605119228363,0.428720086812973,0.2904711365699768,-0.20675984025001526,0.9997109174728394,0.42506447434425354,0.29074227809906006,-0.20681481063365936,0.9996103644371033,0.4229904115200043,0.2908790111541748,-0.20682986080646515,0.9996427893638611,0.45123499631881714,0.29593199491500854,-0.1260174661874771,0.9991635084152222,0.42147189378738403,0.2995719313621521,-0.0845436081290245,0.9992742538452148,0.4398445188999176,0.308845192193985,-0.1908440738916397,0.9989210963249207,0.4280281662940979,0.30944955348968506,-0.17896133661270142,0.9989190101623535,0.4778929352760315,0.3375396132469177,-0.13061390817165375,0.9927927255630493,0.4008699357509613,0.3364204466342926,-0.06143428012728691,0.9975728988647461,0.46630746126174927,0.33026957511901855,-0.42700424790382385,0.8715745806694031,0.37652307748794556,0.3330393433570862,-0.33947649598121643,0.8753355741500854,0.4407435357570648,0.27224695682525635,-0.682732880115509,0.8757759928703308,0.3709146976470947,0.27367621660232544,-0.6460891366004944,0.9162372350692749,0.4380617141723633,0.25911593437194824,-0.7500379085540771,0.82151198387146,0.3668346405029297,0.25610285997390747,-0.7120827436447144,0.8833256363868713,0.4368271827697754,0.26031923294067383,-0.7297712564468384,0.819585382938385,0.37093085050582886,0.254737913608551,-0.6994655132293701,0.8833311796188354,0.43564373254776,0.2667520344257355,-0.6840533018112183,0.7859304547309875,0.37242186069488525,0.2617563307285309,-0.6523296236991882,0.8651689887046814,0.472914457321167,0.48642295598983765,-0.014019140973687172,0.9996023774147034,0.4187721312046051,0.48911499977111816,0.014036683365702629,0.9997038245201111,0.5008589029312134,0.5915415287017822,-0.03848452493548393,0.9951451420783997,0.39072170853614807,0.5984482169151306,-0.008955070748925209,0.9956866502761841,0.5333182215690613,0.6871179342269897,0.11303465068340302,0.9942547082901001,0.3734211325645447,0.6867932677268982,0.1701744943857193,0.9946497082710266,0.5276514291763306,0.7027838230133057,0.11953012645244598,0.9016765356063843,0.3769162893295288,0.701256275177002,0.18003036081790924,0.8996562957763672,0.5544472932815552,0.7150566577911377,-0.0372978113591671,0.9866400957107544,0.3531492352485657,0.7195164561271667,0.032164718955755234,0.9856656193733215
129,0.4351174235343933,0.2992311716079712,-0.2263507843017578,0.9998428225517273,0.4411241412162781,0.2906090021133423,-0.21438460052013397,0.9997486472129822,0.4445858597755432,0.2906336188316345,-0.21444277465343475,0.9996337890625,0.44808825850486755,0.2905976176261902,-0.21440310776233673,0.9996231198310852,0.43194860219955444,0.28793656826019287,-0.20863819122314453,0.9997248649597168,0.42700034379959106,0.28804099559783936,-0.20869514346122742,0.9996263384819031,0.4252995550632477,0.2883419692516327,-0.2087065428495407,0.9996563196182251,0.45525580644607544,0.29417872428894043,-0.12269356101751328,0.9991948008537292,0.4233669340610504,0.2918364405632019,-0.09512510895729065,0.9993142485618591,0.44160518050193787,0.30925431847572327,-0.18940369784832,0.9989722967147827,0.4321708679199219,0.30615466833114624,-0.18151377141475677,0.9989677667617798,0.47549763321876526,0.33449703454971313,-0.11564812809228897,0.9928668141365051,0.40002837777137756,0.32819852232933044,-0.06827232986688614,0.9975306987762451,0.4685019552707672,0.3412851393222809,-0.3744252324104309,0.8732380270957947,0.38001352548599243,0.3329009413719177,-0.3103196322917938,0.88288813829422,0.44284787774086,0.29110366106033325,-0.6111154556274414,0.8774173855781555,0.3814030885696411,0.27013450860977173,-0.5694594383239746,0.9206316471099854,0.4394659996032715,0.27987051010131836,-0.6735871434211731,0.821256697177887,0.3798169493675232,0.2584187984466553,-0.6280010342597961,0.8865063190460205,0.4387034773826599,0.28012537956237793,-0.6556112766265869,0.8188416957855225,0.3821834921836853,0.25698915123939514,-0.6183186769485474,0.8859487771987915,0.43780940771102905,0.2856414318084717,-0.612639307975769,0.7855413556098938,0.38306835293769836,0.2637142539024353,-0.5753847360610962,0.8674249053001404,0.4722329080104828,0.47867804765701294,-0.010074665769934654,0.9995995163917542,0.42159873247146606,0.4825161099433899,0.010090017691254616,0.9996983408927917,0.5013789534568787,0.5852056741714478,-0.0311366505920887,0.994959831237793,0.3937526047229767,0.5947627425193787,-0.01471506617963314,0.9956541061401367,0.5331072211265564,0.683708667755127,0.12462151050567627,0.9940255880355835,0.37244486808776855,0.6910150647163391,0.1546710729598999,0.9944633841514587,0.5293776988983154,0.699516773223877,0.13173788785934448,0.8993355631828308,0.37733030319213867,0.7037053108215332,0.16364069283008575,0.8961449265480042,0.5545809268951416,0.7099851965904236,-0.015898538753390312,0.9860974550247192,0.3518422544002533,0.7191643714904785,0.02064325101673603,0.9851537942886353
130,0.43966180086135864,0.3035429120063782,-0.2423129379749298,0.9998515844345093,0.4410178065299988,0.2934912443161011,-0.2320418655872345,0.9997617602348328,0.44592493772506714,0.2932804822921753,-0.23210957646369934,0.9996505975723267,0.44859999418258667,0.29300040006637573,-0.23207798600196838,0.9996389150619507,0.43334466218948364,0.2940218448638916,-0.2247346192598343,0.9997381567955017,0.43189626932144165,0.2943114638328552,-0.22480836510658264,0.9996423125267029,0.4302681088447571,0.2945393919944763,-0.22482773661613464,0.9996699094772339,0.45534414052963257,0.2952834963798523,-0.14290273189544678,0.9992223381996155,0.42983850836753845,0.2977479100227356,-0.10995672643184662,0.999349057674408,0.44227203726768494,0.3116958737373352,-0.2058778703212738,0.9990134835243225,0.43372446298599243,0.3118366599082947,-0.19639237225055695,0.9990124106407166,0.47682246565818787,0.3400057554244995,-0.14011433720588684,0.9926628470420837,0.40594983100891113,0.3330107629299164,-0.06794464588165283,0.9975060224533081,0.4558171331882477,0.34811756014823914,-0.3863154947757721,0.8738865852355957,0.3809692859649658,0.3298373818397522,-0.30104729533195496,0.8875643610954285,0.4281814694404602,0.2922823429107666,-0.6054973602294922,0.8782521486282349,0.3805694878101349,0.27352428436279297,-0.569979190826416,0.9234647154808044,0.42369088530540466,0.27942144870758057,-0.667888879776001,0.8212905526161194,0.38268524408340454,0.26039034128189087,-0.6298750042915344,0.8880183696746826,0.42480117082595825,0.2791719436645508,-0.6516968607902527,0.8185417056083679,0.38203614950180054,0.2554110884666443,-0.620612382888794,0.8869937062263489,0.42423015832901,0.2848767638206482,-0.6070884466171265,0.7852795720100403,0.3829239010810852,0.26212626695632935,-0.5762882232666016,0.8681191205978394,0.4710710644721985,0.4830193519592285,-0.01610489934682846,0.9995946884155273,0.42263418436050415,0.4851657748222351,0.016108380630612373,0.9996972680091858,0.5002961158752441,0.5854853391647339,-0.046392206102609634,0.9948843121528625,0.39304131269454956,0.5940361618995667,-0.020782968029379845,0.9956827759742737,0.5320174694061279,0.6849740743637085,0.10985050350427628,0.9939262866973877,0.3739134669303894,0.6902965307235718,0.14667457342147827,0.9944489002227783,0.5291104316711426,0.7010664343833923,0.11761237680912018,0.8981054425239563,0.3797856271266937,0.7052383422851562,0.15571576356887817,0.8962569236755371,0.549115002155304,0.7116347551345825,-0.030480634421110153,0.985868513584137,0.35374632477760315,0.7175328731536865,0.010976072400808334,0.9851030111312866
131,0.4195030629634857,0.30264145135879517,-0.22417227923870087,0.99981689453125,0.42288628220558167,0.29214027523994446,-0.21803700923919678,0.9997126460075378,0.4259115159511566,0.29148542881011963,-0.21814484894275665,0.9995858073234558,0.4289798140525818,0.2907722592353821,-0.2182006537914276,0.9995903968811035,0.4146948754787445,0.293354332447052,-0.2131117582321167,0.9996460676193237,0.4122370779514313,0.2935526967048645,-0.21318431198596954,0.9994944334030151,0.40953049063682556,0.29378843307495117,-0.21320238709449768,0.999535858631134,0.4364534318447113,0.2923150360584259,-0.14485260844230652,0.9990963935852051,0.41110795736312866,0.2986840009689331,-0.12045899778604507,0.9991310238838196,0.42755991220474243,0.3108486533164978,-0.19317969679832458,0.998889148235321,0.41832199692726135,0.31237658858299255,-0.1861654371023178,0.9987519383430481,0.46683090925216675,0.328305184841156,-0.11950936168432236,0.9928478002548218,0.4006064832210541,0.3305995464324951,-0.08302183449268341,0.9965400099754333,0.47115659713745117,0.32402706146240234,-0.2746838629245758,0.8685113191604614,0.4013254642486572,0.3055778741836548,-0.17976146936416626,0.8793166279792786,0.4485096037387848,0.27790868282318115,-0.41230565309524536,0.8601661324501038,0.4167037606239319,0.265239417552948,-0.25696253776550293,0.8953854441642761,0.44478359818458557,0.2669352889060974,-0.45707011222839355,0.7973745465278625,0.4195168614387512,0.2563520669937134,-0.2884322702884674,0.8481674790382385,0.44407543540000916,0.2687153220176697,-0.44596633315086365,0.7938746809959412,0.4182252287864685,0.2600235342979431,-0.28966137766838074,0.8461093306541443,0.4440642297267914,0.27385658025741577,-0.4134291708469391,0.7602420449256897,0.4180724024772644,0.2644460201263428,-0.26311805844306946,0.8269049525260925,0.46818962693214417,0.48249849677085876,-0.010583029128611088,0.9995092749595642,0.42324191331863403,0.48480653762817383,0.010605214163661003,0.9995931386947632,0.4998110234737396,0.5864138603210449,-0.008662082254886627,0.9941952228546143,0.3915669918060303,0.596312403678894,-0.00117364595644176,0.9956309795379639,0.5328762531280518,0.6862381100654602,0.1398574858903885,0.9937131404876709,0.3731236755847931,0.6892267465591431,0.17922815680503845,0.9943668842315674,0.5295713543891907,0.699264645576477,0.1464935541152954,0.8992394804954529,0.3786779046058655,0.7044646739959717,0.19015249609947205,0.8995730876922607,0.5503195524215698,0.7104786038398743,0.004346810281276703,0.9856487512588501,0.3555143475532532,0.7164473533630371,0.06369055062532425,0.9851234555244446
132,0.4433538019657135,0.30105629563331604,-0.2415585219860077,0.9998314380645752,0.44530168175697327,0.2935548424720764,-0.22760072350502014,0.9997349381446838,0.44953298568725586,0.2934548854827881,-0.22767901420593262,0.9996159076690674,0.4520600438117981,0.29325994849205017,-0.22765140235424042,0.9996193051338196,0.4394511580467224,0.29465287923812866,-0.22875146567821503,0.9996753334999084,0.43505391478538513,0.2910083532333374,-0.2288418710231781,0.9995356798171997,0.4331931173801422,0.2915087938308716,-0.22886040806770325,0.9995735287666321,0.453098863363266,0.2966354489326477,-0.12613219022750854,0.9991620182991028,0.42837682366371155,0.30119597911834717,-0.13113754987716675,0.9992077350616455,0.4480392336845398,0.31145477294921875,-0.2005315124988556,0.99897301197052,0.439338356256485,0.3083708882331848,-0.2019796371459961,0.9988555908203125,0.47536540031433105,0.33406490087509155,-0.11606045812368393,0.9931551814079285,0.40691977739334106,0.3347637951374054,-0.1174807995557785,0.9967401027679443,0.4679175913333893,0.31397753953933716,-0.3437989354133606,0.8700767159461975,0.3875865936279297,0.31280359625816345,-0.3656739294528961,0.888514518737793,0.44901496171951294,0.26746073365211487,-0.538181722164154,0.8621212244033813,0.3968694806098938,0.2601460814476013,-0.5733140707015991,0.9018929600715637,0.4483817219734192,0.25670528411865234,-0.5960422158241272,0.7974026203155518,0.403693825006485,0.24984559416770935,-0.6294755339622498,0.853971540927887,0.4466511309146881,0.25985634326934814,-0.5805809497833252,0.793697714805603,0.4040280878543854,0.2529393434524536,-0.6159801483154297,0.8514910340309143,0.44501423835754395,0.2652289569377899,-0.5411484241485596,0.7621392011642456,0.4055517315864563,0.25996968150138855,-0.576970636844635,0.8323028683662415,0.47464483976364136,0.4839452803134918,-0.0021059801802039146,0.9995365142822266,0.4208315312862396,0.4861038327217102,0.0021391764748841524,0.999615490436554,0.4957412779331207,0.5877739787101746,-0.01251684594899416,0.9940110445022583,0.3910733461380005,0.5970969200134277,-0.030759641900658607,0.9956307411193848,0.5310206413269043,0.6787824034690857,0.16030417382717133,0.9934231042861938,0.37480154633522034,0.6874884963035583,0.14129135012626648,0.9943262934684753,0.5231388211250305,0.6906192302703857,0.17021095752716064,0.8977013826370239,0.37939465045928955,0.7019703388214111,0.1510447859764099,0.8988454341888428,0.548510730266571,0.7072596549987793,0.03256109356880188,0.9851776957511902,0.35729309916496277,0.718888521194458,0.0057922168634831905,0.9850832223892212
133,0.43315809965133667,0.3033871054649353,-0.26104438304901123,0.9998388886451721,0.43881988525390625,0.2939906120300293,-0.24988822638988495,0.9997467398643494,0.44234099984169006,0.29398855566978455,-0.24997809529304504,0.9996296763420105,0.44590431451797485,0.2939288914203644,-0.2499687671661377,0.9996317028999329,0.4291137754917145,0.2935931980609894,-0.2461431324481964,0.9996923804283142,0.4213246703147888,0.28915780782699585,-0.24623098969459534,0.9995593428611755,0.4229350686073303,0.29306715726852417,-0.24626263976097107,0.9995952248573303,0.4526122212409973,0.29672783613204956,-0.1558263748884201,0.999189555644989,0.41885215044021606,0.29459327459335327,-0.13744238018989563,0.9992572665214539,0.4396222233772278,0.31323564052581787,-0.22253772616386414,0.9990184307098389,0.4286401867866516,0.31275126338005066,-0.2172173708677292,0.998917818069458,0.47422313690185547,0.3354611396789551,-0.14006927609443665,0.9932122230529785,0.4022297263145447,0.33528947830200195,-0.10981859266757965,0.9968250393867493,0.459890216588974,0.32298749685287476,-0.3541531264781952,0.8698978424072266,0.390059232711792,0.32440894842147827,-0.3274162709712982,0.8940678834915161,0.4380820691585541,0.2713029980659485,-0.5344702005386353,0.8612398505210876,0.39685794711112976,0.26242679357528687,-0.5368898510932922,0.9057101607322693,0.4360819458961487,0.2590114176273346,-0.5902359485626221,0.7936067581176758,0.40331023931503296,0.24984332919120789,-0.5900492072105408,0.8559484481811523,0.4364987313747406,0.2617514729499817,-0.5777771472930908,0.7895932197570801,0.4025467038154602,0.2517731189727783,-0.5804286003112793,0.8528304696083069,0.43523573875427246,0.2674641013145447,-0.5371814966201782,0.7584311366081238,0.39984920620918274,0.25877171754837036,-0.541397750377655,0.8324128985404968,0.4752982258796692,0.48700207471847534,-0.010226824320852757,0.999541699886322,0.42094486951828003,0.4878457486629486,0.010264425538480282,0.9996225833892822,0.49520230293273926,0.5917251110076904,-0.024967798963189125,0.9938879013061523,0.3906903564929962,0.5952693223953247,-0.020705102011561394,0.9956644773483276,0.528740644454956,0.6831661462783813,0.16438035666942596,0.993187427520752,0.3737657070159912,0.6861628890037537,0.16406027972698212,0.9942883253097534,0.5234572887420654,0.6934958696365356,0.17545132339000702,0.8957577347755432,0.37781035900115967,0.7008565664291382,0.1748599112033844,0.8978363275527954,0.5446932315826416,0.7114932537078857,0.03452971205115318,0.9847415089607239,0.35494762659072876,0.7177180051803589,0.03128406032919884,0.9850447177886963
134,0.4376370310783386,0.2946338355541229,-0.24085040390491486,0.9998462796211243,0.4395298957824707,0.2858792245388031,-0.22782346606254578,0.9997575879096985,0.44639238715171814,0.28593045473098755,-0.2279086858034134,0.9996424317359924,0.4488964080810547,0.28578734397888184,-0.22791723906993866,0.9996440410614014,0.42903757095336914,0.28643494844436646,-0.2274806797504425,0.9997089505195618,0.42689675092697144,0.28691452741622925,-0.2275846302509308,0.9995823502540588,0.4245471954345703,0.2873663902282715,-0.22762253880500793,0.9996163249015808,0.4567418694496155,0.2939510941505432,-0.13028818368911743,0.9992195963859558,0.4236980974674225,0.29156237840652466,-0.12771151959896088,0.9993059039115906,0.4432357847690582,0.3066852390766144,-0.20149607956409454,0.9990651607513428,0.4332495629787445,0.3093114495277405,-0.20077037811279297,0.9989786744117737,0.47530490159988403,0.3359661400318146,-0.1153000146150589,0.993391215801239,0.4007444977760315,0.3329031765460968,-0.11244682967662811,0.9969372153282166,0.46944013237953186,0.32368290424346924,-0.32893747091293335,0.8668643236160278,0.39308610558509827,0.3192461133003235,-0.3457695543766022,0.8997230529785156,0.45393434166908264,0.2766076326370239,-0.5106693506240845,0.8589154481887817,0.40742284059524536,0.26172319054603577,-0.543971598148346,0.909410834312439,0.4538748860359192,0.2652553915977478,-0.564466118812561,0.7884731292724609,0.4085451066493988,0.24724550545215607,-0.5962598919868469,0.8580188155174255,0.4537476599216461,0.26792633533477783,-0.5520781874656677,0.7842691540718079,0.4078128933906555,0.25028207898139954,-0.5832866430282593,0.8542643189430237,0.45173731446266174,0.2732430398464203,-0.5140795707702637,0.754391610622406,0.4096159040927887,0.25750085711479187,-0.5471508502960205,0.8329353332519531,0.4756488800048828,0.48631706833839417,-0.005705669056624174,0.9995631575584412,0.42016512155532837,0.48746591806411743,0.005696026608347893,0.999639093875885,0.4959114193916321,0.5906314253807068,-0.01202910766005516,0.9938330054283142,0.3897494971752167,0.5963620543479919,0.0031931339763104916,0.9956544637680054,0.5275304317474365,0.6770823001861572,0.1755269467830658,0.9930169582366943,0.37617722153663635,0.6828104853630066,0.19480440020561218,0.994210958480835,0.5225447416305542,0.690792441368103,0.18657992780208588,0.8940536379814148,0.38076457381248474,0.6970633268356323,0.20631210505962372,0.8964288234710693,0.5473328232765198,0.7124079465866089,0.048470232635736465,0.9844679236412048,0.355987012386322,0.7175244688987732,0.06668400019407272,0.9849399924278259
135,0.4312332272529602,0.2977719306945801,-0.22590044140815735,0.9998494982719421,0.4374541640281677,0.29410839080810547,-0.21176716685295105,0.9997645616531372,0.4407868981361389,0.2935417890548706,-0.21186450123786926,0.9996500015258789,0.4439280927181244,0.29288214445114136,-0.21189752221107483,0.9996515512466431,0.42671793699264526,0.29567423462867737,-0.20914992690086365,0.9997193217277527,0.42149487137794495,0.2959311604499817,-0.20924416184425354,0.9995944499969482,0.4189128279685974,0.2960640788078308,-0.2092948853969574,0.9996277093887329,0.4521242082118988,0.29693251848220825,-0.1190289631485939,0.9992284774780273,0.4180053174495697,0.2999407649040222,-0.10540292412042618,0.9993298053741455,0.44303327798843384,0.30974245071411133,-0.18949003517627716,0.9990736842155457,0.4307064414024353,0.3104371428489685,-0.185537651181221,0.9989948868751526,0.47767361998558044,0.33952000737190247,-0.11012108623981476,0.9934908151626587,0.40159398317337036,0.33712857961654663,-0.09193214029073715,0.9968320727348328,0.46061187982559204,0.3261895775794983,-0.28222742676734924,0.8583346605300903,0.3859896659851074,0.31051939725875854,-0.26599550247192383,0.9022879600524902,0.4411641061306,0.2788960635662079,-0.4161859154701233,0.8474174737930298,0.3959891200065613,0.2660297751426697,-0.41482385993003845,0.9071837067604065,0.43922215700149536,0.2679011821746826,-0.4634765088558197,0.7733327746391296,0.40499964356422424,0.24852661788463593,-0.4578799307346344,0.8509870171546936,0.4397526681423187,0.27026867866516113,-0.4543246328830719,0.7687211632728577,0.4040960371494293,0.24970021843910217,-0.4493167996406555,0.8464801907539368,0.43863463401794434,0.27492809295654297,-0.41939181089401245,0.7405994534492493,0.4046902060508728,0.25600355863571167,-0.4181326925754547,0.8246001601219177,0.4769853949546814,0.49144524335861206,-0.007871913723647594,0.9995813369750977,0.42018094658851624,0.49281781911849976,0.007895027287304401,0.9996528029441833,0.495609849691391,0.5911390781402588,-0.001604520482942462,0.993802547454834,0.3888687789440155,0.5935847759246826,0.003983441740274429,0.995741069316864,0.5268529057502747,0.6760520935058594,0.203001469373703,0.9929836988449097,0.37513554096221924,0.681971549987793,0.20370642840862274,0.9942563772201538,0.5201206803321838,0.6867575645446777,0.21626874804496765,0.8940910696983337,0.381539911031723,0.6941533088684082,0.21662867069244385,0.8977559208869934,0.5475903153419495,0.709307849407196,0.08308620750904083,0.9843756556510925,0.3545690178871155,0.7154090404510498,0.081191286444664,0.9851263761520386
136,0.427330881357193,0.30674540996551514,-0.2210172712802887,0.99985271692276,0.43233004212379456,0.2971218228340149,-0.20962008833885193,0.9997715950012207,0.4358338713645935,0.2967338562011719,-0.20971159636974335,0.9996585845947266,0.439372718334198,0.2962891757488251,-0.20972661674022675,0.9996602535247803,0.4211030602455139,0.2957424521446228,-0.20420613884925842,0.9997268915176392,0.41919127106666565,0.2960178852081299,-0.20426765084266663,0.9996028542518616,0.41349664330482483,0.29589778184890747,-0.20429548621177673,0.9996345639228821,0.44708341360092163,0.29868340492248535,-0.12298782914876938,0.9992462992668152,0.41386088728904724,0.2988831400871277,-0.09584406763315201,0.999354362487793,0.43534040451049805,0.31415343284606934,-0.18616138398647308,0.9990997910499573,0.42477601766586304,0.3149183988571167,-0.1783132553100586,0.9990249276161194,0.47398072481155396,0.333945631980896,-0.11698081344366074,0.9936956763267517,0.40030235052108765,0.33585137128829956,-0.07921414822340012,0.9967746734619141,0.4651392102241516,0.3239767551422119,-0.33642739057540894,0.8571479916572571,0.3920995593070984,0.3177812695503235,-0.26709648966789246,0.9056411981582642,0.440565288066864,0.27491623163223267,-0.5118622183799744,0.8433660268783569,0.40276288986206055,0.2682771384716034,-0.42378169298171997,0.9059821367263794,0.4381589889526367,0.26280951499938965,-0.5661244988441467,0.765724778175354,0.40355968475341797,0.2565162777900696,-0.46709880232810974,0.8443506360054016,0.43754130601882935,0.2665014863014221,-0.5497919917106628,0.7607634663581848,0.4020927846431732,0.26093727350234985,-0.460975706577301,0.8391237854957581,0.43633323907852173,0.27223050594329834,-0.5128653049468994,0.7330472469329834,0.4036772847175598,0.266842246055603,-0.4290347099304199,0.816646933555603,0.47605353593826294,0.48866885900497437,-0.010557525791227818,0.9995937347412109,0.4197750687599182,0.490191787481308,0.010566599667072296,0.9996590614318848,0.49595218896865845,0.5885843634605408,-0.021238725632429123,0.9938531517982483,0.3898315131664276,0.5945727229118347,-0.016218965873122215,0.9958757758140564,0.5267964601516724,0.6753209829330444,0.1674218326807022,0.9930073618888855,0.3756430149078369,0.6818080544471741,0.17017649114131927,0.9943443536758423,0.520603358745575,0.6848780512809753,0.17849606275558472,0.8944804072380066,0.3806152939796448,0.695040225982666,0.18137049674987793,0.8978689312934875,0.5448660850524902,0.707345724105835,0.0388638973236084,0.9844935536384583,0.355314701795578,0.7159173488616943,0.04163718223571777,0.9854043126106262
137,0.4296531081199646,0.2734307646751404,-0.21802563965320587,0.9998638033866882,0.4354897141456604,0.264140784740448,-0.2047240436077118,0.9997875690460205,0.4331938624382019,0.2570216655731201,-0.20485106110572815,0.9996835589408875,0.4351983070373535,0.25634920597076416,-0.20489105582237244,0.9996810555458069,0.4248476028442383,0.26445257663726807,-0.19962544739246368,0.9997462034225464,0.4216286540031433,0.26455968618392944,-0.1997217983007431,0.9996323585510254,0.41815027594566345,0.2647106647491455,-0.19976933300495148,0.9996582269668579,0.4507414698600769,0.2693557143211365,-0.11445201933383942,0.9992983341217041,0.415516197681427,0.27050942182540894,-0.08778927475214005,0.9994041323661804,0.4375212788581848,0.2851950526237488,-0.18234360218048096,0.999164879322052,0.4251146912574768,0.2855857312679291,-0.1746990978717804,0.9990959763526917,0.4824928641319275,0.32155388593673706,-0.1144847422838211,0.9940968751907349,0.3978862166404724,0.32035645842552185,-0.0846758559346199,0.9969213604927063,0.473426878452301,0.3293655514717102,-0.3955971598625183,0.8581351637840271,0.40149641036987305,0.33549341559410095,-0.34285634756088257,0.9096809029579163,0.42879122495651245,0.28109174966812134,-0.6226656436920166,0.8458443880081177,0.4176478981971741,0.27511703968048096,-0.5774233937263489,0.9117037653923035,0.4207306504249573,0.27020883560180664,-0.6844593286514282,0.7649121284484863,0.42063722014427185,0.2606546878814697,-0.6315650343894958,0.8519723415374756,0.4194503426551819,0.2701837122440338,-0.655034601688385,0.7582660913467407,0.4172784388065338,0.2605704069137573,-0.6155046820640564,0.846163272857666,0.4200793206691742,0.27544161677360535,-0.6189509630203247,0.72779780626297,0.4190700650215149,0.2672773599624634,-0.5787935853004456,0.8214637041091919,0.47711023688316345,0.4842223525047302,-0.010752754285931587,0.9996292591094971,0.4192138612270355,0.48470956087112427,0.010791368782520294,0.9996877312660217,0.4965304434299469,0.5890482664108276,0.013289177790284157,0.9942224025726318,0.3894362449645996,0.5950955152511597,-0.0015921791782602668,0.9961410760879517,0.5265423059463501,0.6761460900306702,0.2506338357925415,0.9933361411094666,0.37570953369140625,0.6825472116470337,0.2307019680738449,0.9946314692497253,0.5190207958221436,0.6860859990119934,0.2655735909938812,0.8961734771728516,0.38163748383522034,0.6979841589927673,0.24600811302661896,0.8992438912391663,0.5413640737533569,0.7090110182762146,0.11745121330022812,0.9851362109184265,0.35377591848373413,0.7169137597084045,0.0976269468665123,0.986140251159668
138,0.4295974373817444,0.2831818461418152,-0.22659912705421448,0.9998716711997986,0.43629127740859985,0.27446767687797546,-0.21561141312122345,0.999800443649292,0.4400568902492523,0.27447301149368286,-0.21572330594062805,0.9997013807296753,0.44385379552841187,0.27441319823265076,-0.21572065353393555,0.9996972680091858,0.42280012369155884,0.2727525234222412,-0.2073509693145752,0.9997616410255432,0.4171120226383209,0.27311456203460693,-0.20743808150291443,0.9996533989906311,0.41396480798721313,0.27330079674720764,-0.20748937129974365,0.9996770620346069,0.4518496096134186,0.28095918893814087,-0.13316956162452698,0.9993283152580261,0.41531461477279663,0.28378134965896606,-0.09150923788547516,0.9994386434555054,0.4372711777687073,0.29383939504623413,-0.19340959191322327,0.9992032051086426,0.4238263964653015,0.2956240177154541,-0.18147879838943481,0.9991376399993896,0.47734832763671875,0.32946404814720154,-0.14249660074710846,0.9942260384559631,0.40207475423812866,0.3254159986972809,-0.08867699652910233,0.9969696402549744,0.4595833420753479,0.3268175721168518,-0.41861027479171753,0.8560389280319214,0.3953564465045929,0.315407395362854,-0.33432066440582275,0.9129859209060669,0.4239479601383209,0.2678712010383606,-0.621536135673523,0.8468157649040222,0.4133053719997406,0.26272833347320557,-0.5575246214866638,0.9168319702148438,0.41857171058654785,0.2534400224685669,-0.6847102046012878,0.7652872800827026,0.41529709100723267,0.24788255989551544,-0.6127429604530334,0.8589843511581421,0.41864389181137085,0.254971981048584,-0.6612562537193298,0.7580140233039856,0.4139466881752014,0.24909213185310364,-0.5987245440483093,0.8528860211372375,0.4182143807411194,0.2614043951034546,-0.6205312013626099,0.727380096912384,0.41575032472610474,0.2560209035873413,-0.5604404211044312,0.8279702663421631,0.47695058584213257,0.48945578932762146,-0.019872862845659256,0.9996567368507385,0.4191412329673767,0.49055275321006775,0.019878750666975975,0.9997095465660095,0.49758705496788025,0.5933826565742493,-0.008449972607195377,0.9944143295288086,0.38887453079223633,0.5956318974494934,0.03766456991434097,0.9962235689163208,0.52922123670578,0.6780363321304321,0.21278829872608185,0.9934147596359253,0.37449535727500916,0.6819487810134888,0.26252612471580505,0.9945808053016663,0.522857666015625,0.688843846321106,0.22741642594337463,0.893922746181488,0.3806014060974121,0.6945933103561401,0.2778031826019287,0.8968098163604736,0.5459716320037842,0.7129412889480591,0.08444395661354065,0.9851630330085754,0.35162967443466187,0.7176780104637146,0.13955305516719818,0.9860841035842896
139,0.43381017446517944,0.295815110206604,-0.24733558297157288,0.9998783469200134,0.4348476529121399,0.2890371084213257,-0.23592117428779602,0.9998102188110352,0.44303542375564575,0.28605103492736816,-0.23603388667106628,0.9997147917747498,0.4466490149497986,0.2859155237674713,-0.2360495626926422,0.9997105598449707,0.4275328516960144,0.29007822275161743,-0.23063978552818298,0.9997739195823669,0.4229000508785248,0.2900823652744293,-0.23073454201221466,0.9996700882911682,0.420567125082016,0.2895525097846985,-0.23077189922332764,0.9996923208236694,0.4543200135231018,0.2932501435279846,-0.14683853089809418,0.9993551969528198,0.4204617440700531,0.29058507084846497,-0.12118582427501678,0.9994685053825378,0.4385964274406433,0.3097260594367981,-0.21154895424842834,0.9992471933364868,0.42751795053482056,0.31075650453567505,-0.20405904948711395,0.9991938471794128,0.47724252939224243,0.33260470628738403,-0.148771733045578,0.9946087598800659,0.403747022151947,0.3318096101284027,-0.10479976236820221,0.9971384406089783,0.4618965983390808,0.32560956478118896,-0.3819552958011627,0.8586368560791016,0.3911052942276001,0.3117929697036743,-0.31956374645233154,0.9159944653511047,0.4340030550956726,0.27309203147888184,-0.5475105047225952,0.8474928736686707,0.4195660650730133,0.2695884108543396,-0.49108511209487915,0.9170941114425659,0.43092912435531616,0.2594282627105713,-0.6042646169662476,0.7643641233444214,0.42587846517562866,0.257118284702301,-0.5391192436218262,0.8553920388221741,0.43095460534095764,0.2620866000652313,-0.5836904644966125,0.7564982175827026,0.42501217126846313,0.2598462700843811,-0.5247846841812134,0.8483421802520752,0.42971640825271606,0.26842761039733887,-0.5467566251754761,0.725974440574646,0.4246315360069275,0.2663028836250305,-0.4932052493095398,0.8226193785667419,0.4777487814426422,0.4915772080421448,-0.016420315951108932,0.9996720552444458,0.418764591217041,0.49324244260787964,0.016405828297138214,0.9997234344482422,0.4985988736152649,0.5965812802314758,0.011268728412687778,0.9943016171455383,0.3877394199371338,0.5990662574768066,-0.012468836270272732,0.9962415099143982,0.5282465219497681,0.6747016906738281,0.2605469524860382,0.9929897785186768,0.37428444623947144,0.682806134223938,0.2101195603609085,0.9945327043533325,0.5218762755393982,0.6838922500610352,0.27896806597709656,0.8902965784072876,0.38081347942352295,0.6967033743858337,0.2257097065448761,0.89754718542099,0.5438417196273804,0.7138066291809082,0.14922596514225006,0.9843508005142212,0.3534632623195648,0.7188184261322021,0.08691854774951935,0.9860959649085999
140,0.43241772055625916,0.3076765537261963,-0.22495481371879578,0.9998690485954285,0.437971293926239,0.29691067337989807,-0.21176180243492126,0.9997953772544861,0.4448586404323578,0.29310882091522217,-0.21183200180530548,0.9996906518936157,0.4485946297645569,0.2927604913711548,-0.21188001334667206,0.999690592288971,0.4279504716396332,0.29851579666137695,-0.2096029818058014,0.9997622966766357,0.423666387796402,0.2988184094429016,-0.2097490131855011,0.9996504187583923,0.42162078619003296,0.298745721578598,-0.20980647206306458,0.999677300453186,0.45404115319252014,0.29702645540237427,-0.11770717799663544,0.9993069171905518,0.4215210974216461,0.30124667286872864,-0.10608609020709991,0.9994509220123291,0.4427974224090576,0.31482556462287903,-0.1873040795326233,0.9992191195487976,0.43199390172958374,0.31600213050842285,-0.18396660685539246,0.9991877675056458,0.4781688153743744,0.3341953158378601,-0.10391820967197418,0.9948962926864624,0.40708452463150024,0.3312801420688629,-0.08817382156848907,0.9972073435783386,0.462008535861969,0.31016919016838074,-0.26584845781326294,0.8440572023391724,0.3894883096218109,0.3114805519580841,-0.23887094855308533,0.9128060936927795,0.43573206663131714,0.27102166414260864,-0.37708809971809387,0.8207665681838989,0.425116628408432,0.27501851320266724,-0.3345911204814911,0.8943637013435364,0.43249645829200745,0.25823909044265747,-0.4216073155403137,0.7338487505912781,0.4331355094909668,0.26419830322265625,-0.36974143981933594,0.8198358416557312,0.43365055322647095,0.261553019285202,-0.4077792763710022,0.7251197099685669,0.43158358335494995,0.26859819889068604,-0.35893434286117554,0.8105663657188416,0.43306565284729004,0.26748126745224,-0.377387136220932,0.6959164142608643,0.43011051416397095,0.2743760347366333,-0.3355795741081238,0.7834156155586243,0.47825711965560913,0.4904707968235016,-0.011735989712178707,0.9996746778488159,0.4201940894126892,0.49043378233909607,0.011663657613098621,0.9997214674949646,0.49932265281677246,0.5940713882446289,0.0027233907021582127,0.9933692812919617,0.388516366481781,0.5973960161209106,0.007777309510856867,0.9956476092338562,0.5275811553001404,0.6756994128227234,0.22286124527454376,0.9921175837516785,0.37389829754829407,0.6809718608856201,0.21924009919166565,0.9936436414718628,0.5211014151573181,0.6853338479995728,0.23827676475048065,0.8885270953178406,0.3800169825553894,0.6919268369674683,0.2337474822998047,0.8969148397445679,0.5444928407669067,0.7137890458106995,0.10806117206811905,0.9827102422714233,0.3557204604148865,0.7192509174346924,0.10018596798181534,0.984711229801178
141,0.4327167570590973,0.3053379952907562,-0.25319647789001465,0.9998785853385925,0.43558230996131897,0.29605528712272644,-0.23778192698955536,0.9998095631599426,0.44109615683555603,0.2951454222202301,-0.23789194226264954,0.9997109770774841,0.4448229670524597,0.29405975341796875,-0.23789210617542267,0.9997116327285767,0.42562776803970337,0.29739516973495483,-0.23604026436805725,0.9997799396514893,0.4233035445213318,0.2973674237728119,-0.23611481487751007,0.9996759295463562,0.41974741220474243,0.2969226837158203,-0.2361365556716919,0.9997010827064514,0.45344918966293335,0.29808473587036133,-0.1349601447582245,0.9993550777435303,0.4201691150665283,0.30263859033584595,-0.1253262758255005,0.999495267868042,0.44109049439430237,0.31487539410591125,-0.2130674421787262,0.9992766976356506,0.42959922552108765,0.3169527053833008,-0.21024088561534882,0.999251663684845,0.47723522782325745,0.3356274664402008,-0.1273689568042755,0.9952279925346375,0.40703433752059937,0.33846884965896606,-0.11296497285366058,0.997369647026062,0.4732554852962494,0.30178025364875793,-0.3403812646865845,0.8520194292068481,0.38303542137145996,0.30406510829925537,-0.3308310806751251,0.9196913838386536,0.451631635427475,0.2663959264755249,-0.4956054091453552,0.8270877599716187,0.41830286383628845,0.25672030448913574,-0.47531604766845703,0.8998918533325195,0.4498031735420227,0.2540898025035858,-0.5484257936477661,0.7379533052444458,0.42989879846572876,0.24897713959217072,-0.5212768912315369,0.8230118155479431,0.44813328981399536,0.25850826501846313,-0.5309693217277527,0.7289931774139404,0.4291709363460541,0.2539527714252472,-0.502852201461792,0.8131880760192871,0.4466913342475891,0.26461535692214966,-0.4963528513908386,0.7015160918235779,0.4281347692012787,0.2611217498779297,-0.47565793991088867,0.7863945960998535,0.4773751199245453,0.4912824034690857,-0.009755550883710384,0.9996861219406128,0.4186202883720398,0.4934311509132385,0.009752457961440086,0.9997288584709167,0.498051255941391,0.5908578038215637,-0.017011448740959167,0.9935607314109802,0.3881842792034149,0.5977305769920349,-0.00048179514124058187,0.9957985877990723,0.5272511839866638,0.6763306260108948,0.19489507377147675,0.9922307729721069,0.37445688247680664,0.6845628023147583,0.2069934606552124,0.993762731552124,0.5212907195091248,0.6850951910018921,0.2092367708683014,0.888638973236084,0.3802357614040375,0.6963139176368713,0.22061452269554138,0.8965194821357727,0.5449798107147217,0.7122634053230286,0.07507498562335968,0.9829335808753967,0.3551318049430847,0.7191952466964722,0.08138240873813629,0.98493492603302
142,0.43485015630722046,0.3042416572570801,-0.25546908378601074,0.9998862743377686,0.4413650929927826,0.29467612504959106,-0.24239759147167206,0.9998208284378052,0.44485265016555786,0.29393935203552246,-0.24250808358192444,0.9997267127037048,0.4481270909309387,0.29281964898109436,-0.24250249564647675,0.9997276067733765,0.4308551251888275,0.2954331040382385,-0.2381954938173294,0.9997936487197876,0.4261956810951233,0.2951050400733948,-0.23826298117637634,0.9996954798698425,0.42392244935035706,0.2942351698875427,-0.23828032612800598,0.9997192621231079,0.45610132813453674,0.29730916023254395,-0.14567609131336212,0.9993903040885925,0.4230716824531555,0.2949870824813843,-0.12513110041618347,0.9995301365852356,0.44463595747947693,0.3143596947193146,-0.21701622009277344,0.999320924282074,0.4331008791923523,0.315473735332489,-0.21107573807239532,0.9993025660514832,0.4771658778190613,0.329193651676178,-0.14508722722530365,0.9954396486282349,0.4056771397590637,0.3300907611846924,-0.1096557229757309,0.9974850416183472,0.46548643708229065,0.309726744890213,-0.3951740860939026,0.8586776852607727,0.38583484292030334,0.30228519439697266,-0.34646615386009216,0.9252429604530334,0.44268426299095154,0.26703035831451416,-0.5825849175453186,0.834092378616333,0.4182508587837219,0.2566000819206238,-0.5276921987533569,0.9055362939834595,0.43995386362075806,0.25407132506370544,-0.6421460509300232,0.7447236180305481,0.42607027292251587,0.25095412135124207,-0.5782752633094788,0.8286530375480652,0.4387597441673279,0.2576846480369568,-0.6203144192695618,0.7355842590332031,0.42598262429237366,0.25539296865463257,-0.5609411597251892,0.818576991558075,0.4373413026332855,0.2640909254550934,-0.5821301341056824,0.708651602268219,0.42575398087501526,0.26228344440460205,-0.529276430606842,0.7918967008590698,0.4771865904331207,0.48839616775512695,-0.013909459114074707,0.999691367149353,0.41854605078697205,0.49054551124572754,0.013892455026507378,0.9997323751449585,0.49956220388412476,0.5917649865150452,-0.020374376326799393,0.9937670230865479,0.3879954516887665,0.599323034286499,-0.004396560601890087,0.9959571957588196,0.5281209349632263,0.6762316823005676,0.1966804414987564,0.9923280477523804,0.3736758232116699,0.6863346099853516,0.20750978589057922,0.9939044117927551,0.5203664302825928,0.6856136918067932,0.21138641238212585,0.8882031440734863,0.37980198860168457,0.6975711584091187,0.22146722674369812,0.8957677483558655,0.5463244318962097,0.713265597820282,0.07365324348211288,0.983081579208374,0.3548138439655304,0.7207203507423401,0.07914640754461288,0.9851571321487427
143,0.4425777494907379,0.309578001499176,-0.25219783186912537,0.9998887777328491,0.4463214874267578,0.30020734667778015,-0.23582926392555237,0.9998219013214111,0.45125705003738403,0.2993685305118561,-0.2358788549900055,0.9997257590293884,0.4547209143638611,0.29847997426986694,-0.2358776032924652,0.9997292160987854,0.4358136057853699,0.30104202032089233,-0.23811621963977814,0.9998003244400024,0.4331011176109314,0.3008900284767151,-0.2382657527923584,0.9997051358222961,0.4304472804069519,0.30047935247421265,-0.23830442130565643,0.9997300505638123,0.4577985405921936,0.2996883690357208,-0.12689700722694397,0.9993928670883179,0.425670862197876,0.30221226811408997,-0.13676497340202332,0.999555230140686,0.4488602578639984,0.31886863708496094,-0.20924822986125946,0.9993431568145752,0.4377599358558655,0.31960177421569824,-0.21212127804756165,0.9993395209312439,0.47899991273880005,0.3331652283668518,-0.10979336500167847,0.9956839084625244,0.4088974595069885,0.33384642004966736,-0.12458322942256927,0.9976308345794678,0.46801289916038513,0.2982413172721863,-0.3013829290866852,0.8576437830924988,0.38969776034355164,0.30217212438583374,-0.3321199417114258,0.9295926690101624,0.4310705065727234,0.2580642104148865,-0.4393823742866516,0.8263623714447021,0.43493062257766724,0.2665764093399048,-0.45748552680015564,0.9027442932128906,0.42995136976242065,0.24882061779499054,-0.4896821975708008,0.732349157333374,0.4457867741584778,0.2549114525318146,-0.5032119750976562,0.8168905973434448,0.42915982007980347,0.2522736191749573,-0.4710036814212799,0.7221314907073975,0.44525146484375,0.25963228940963745,-0.48153582215309143,0.8046607971191406,0.42992764711380005,0.2520751953125,-0.4391445219516754,0.6961445212364197,0.44292011857032776,0.2665884792804718,-0.45544886589050293,0.7760239243507385,0.47819939255714417,0.48803219199180603,-0.003241074737161398,0.9996962547302246,0.4196629524230957,0.49072009325027466,0.003130984026938677,0.9997329711914062,0.4985876977443695,0.5916147828102112,-0.017393866553902626,0.9931328296661377,0.389382541179657,0.5989382863044739,-0.002230993239209056,0.9954327940940857,0.528197705745697,0.6760743260383606,0.1812431812286377,0.9917585849761963,0.3736875653266907,0.685798168182373,0.2007456123828888,0.993097722530365,0.5211327075958252,0.6885398030281067,0.19485525786876678,0.8888736367225647,0.37947025895118713,0.6968878507614136,0.2140912562608719,0.895371675491333,0.5478271842002869,0.7130757570266724,0.06207939237356186,0.9819530844688416,0.3572850823402405,0.7196172475814819,0.07519632577896118,0.9836763739585876
144,0.44056957960128784,0.30630216002464294,-0.2650102972984314,0.9998666048049927,0.44417905807495117,0.29653483629226685,-0.2552120089530945,0.9997848868370056,0.4506751000881195,0.2963791787624359,-0.2553015649318695,0.9996691346168518,0.4534033238887787,0.29570144414901733,-0.25534823536872864,0.9996764659881592,0.43343251943588257,0.29021894931793213,-0.2519647479057312,0.9997615814208984,0.4315621256828308,0.2898527979850769,-0.2521134912967682,0.9996501207351685,0.42959433794021606,0.28903716802597046,-0.25214648246765137,0.999680757522583,0.45590218901634216,0.296246737241745,-0.16439273953437805,0.9992791414260864,0.42573031783103943,0.28947585821151733,-0.14936932921409607,0.9994934797286987,0.44547614455223083,0.3164253234863281,-0.22756080329418182,0.9992705583572388,0.43434929847717285,0.31146109104156494,-0.2232213318347931,0.9992844462394714,0.48018255829811096,0.33156001567840576,-0.1535268872976303,0.9957798719406128,0.4032657742500305,0.3262166976928711,-0.11819229274988174,0.9975487589836121,0.4693291187286377,0.3206237554550171,-0.36484238505363464,0.8524977564811707,0.3971634805202484,0.31901782751083374,-0.3030622899532318,0.9223222732543945,0.4407694935798645,0.26944974064826965,-0.526911735534668,0.8139119744300842,0.4241759181022644,0.27207303047180176,-0.4433721601963043,0.8856887221336365,0.437116801738739,0.25506705045700073,-0.5832744836807251,0.7180488705635071,0.4310298562049866,0.2599213719367981,-0.48702582716941833,0.7922075986862183,0.437436580657959,0.2576027512550354,-0.5626363754272461,0.7074156999588013,0.427983820438385,0.2626695930957794,-0.4767051637172699,0.7786371111869812,0.43664446473121643,0.2646348178386688,-0.5260788798332214,0.6810737252235413,0.4271620213985443,0.269409716129303,-0.4463942050933838,0.7483999729156494,0.47916823625564575,0.4873061180114746,-0.0190491434186697,0.9996922612190247,0.42157238721847534,0.4897279143333435,0.018919283524155617,0.9997245669364929,0.4980691373348236,0.5916666388511658,0.0031258161179721355,0.9922143220901489,0.3877183198928833,0.5993587374687195,0.03580382838845253,0.99458247423172,0.5286767482757568,0.6754560470581055,0.22764113545417786,0.9905919432640076,0.3722555637359619,0.6848238110542297,0.2617287337779999,0.991805911064148,0.5252600312232971,0.6847343444824219,0.24397368729114532,0.8860641121864319,0.37665700912475586,0.6976853609085083,0.27782031893730164,0.8943610191345215,0.5389162302017212,0.7124595642089844,0.11162428557872772,0.9797325730323792,0.35372334718704224,0.7195839285850525,0.1469275951385498,0.9814396500587463
145,0.4327619671821594,0.2916737198829651,-0.20335623621940613,0.9998383522033691,0.438129723072052,0.28261107206344604,-0.19741573929786682,0.9997541904449463,0.4412206709384918,0.2826284170150757,-0.19753237068653107,0.9996272325515747,0.4443517327308655,0.282584011554718,-0.19759750366210938,0.9996358752250671,0.42632508277893066,0.28081732988357544,-0.18829664587974548,0.9997016787528992,0.42534956336021423,0.2808014154434204,-0.18836769461631775,0.999550998210907,0.4202861785888672,0.27325087785720825,-0.1884109079837799,0.9995816349983215,0.45084434747695923,0.2862708568572998,-0.12959922850131989,0.999180793762207,0.4231211245059967,0.2850612998008728,-0.08737454563379288,0.9993243217468262,0.43851524591445923,0.30177247524261475,-0.17498695850372314,0.9991307854652405,0.42906004190444946,0.3012966513633728,-0.16282613575458527,0.9990971088409424,0.4758939743041992,0.3310137391090393,-0.1393119841814041,0.9956731796264648,0.403444766998291,0.3279687166213989,-0.051347993314266205,0.9969432353973389,0.46296629309654236,0.34082305431365967,-0.3765086531639099,0.8456076979637146,0.4079793095588684,0.3188246488571167,-0.17243117094039917,0.902764618396759,0.43372565507888794,0.29162389039993286,-0.5679731369018555,0.8045431971549988,0.42920199036598206,0.2836665213108063,-0.2782232463359833,0.8655842542648315,0.42956629395484924,0.2796359062194824,-0.626060962677002,0.7096105217933655,0.4335992932319641,0.27732956409454346,-0.3098159730434418,0.769071638584137,0.42922163009643555,0.2797863185405731,-0.6036821007728577,0.6986833214759827,0.43424445390701294,0.2794313430786133,-0.30841824412345886,0.7552263736724854,0.4282861351966858,0.28532278537750244,-0.5660631656646729,0.6701700091362,0.43390092253685,0.2828148305416107,-0.28302624821662903,0.7250944972038269,0.4794970452785492,0.4827037751674652,-0.02954673394560814,0.9996898770332336,0.4261924624443054,0.4837976098060608,0.02948363684117794,0.9997168183326721,0.5001733899116516,0.5918645858764648,-0.028969520702958107,0.992128849029541,0.38952717185020447,0.5944164395332336,-0.008246154524385929,0.9945489168167114,0.5293061137199402,0.676205575466156,0.15373964607715607,0.9904123544692993,0.3739170730113983,0.6833674311637878,0.17745961248874664,0.9918393492698669,0.5240502953529358,0.6874252557754517,0.16561640799045563,0.8840471506118774,0.37992793321609497,0.6974058747291565,0.18987803161144257,0.8964807987213135,0.537941038608551,0.7096573114395142,0.030077466741204262,0.9794005751609802,0.35478803515434265,0.7173303365707397,0.06282326579093933,0.9814892411231995
146,0.4409700334072113,0.30052947998046875,-0.24373626708984375,0.999818742275238,0.4466038644313812,0.29095664620399475,-0.2360268533229828,0.9997183084487915,0.44980964064598083,0.2911706268787384,-0.23614296317100525,0.9995781183242798,0.45305579900741577,0.29132598638534546,-0.23618431389331818,0.9995840787887573,0.4305335581302643,0.2851901352405548,-0.23109689354896545,0.999655544757843,0.4292101263999939,0.285104900598526,-0.23120172321796417,0.9994901418685913,0.42764467000961304,0.2846396863460541,-0.2312394082546234,0.9995149374008179,0.452262818813324,0.29529398679733276,-0.15588633716106415,0.9990750551223755,0.427503764629364,0.28996992111206055,-0.13296401500701904,0.9992308020591736,0.442117303609848,0.3139486312866211,-0.21008765697479248,0.9990089535713196,0.43148159980773926,0.30751535296440125,-0.20347261428833008,0.9989683032035828,0.47221651673316956,0.3319299817085266,-0.15742214024066925,0.9954829216003418,0.40087825059890747,0.32772955298423767,-0.10400791466236115,0.9966607689857483,0.46525198221206665,0.3312036693096161,-0.3964398503303528,0.8411937355995178,0.40813761949539185,0.31226617097854614,-0.2994333505630493,0.8974269032478333,0.4365781247615814,0.2792212963104248,-0.5803042054176331,0.7981564402580261,0.4348469376564026,0.272151917219162,-0.45010703802108765,0.8567200899124146,0.4332656264305115,0.2649993896484375,-0.6397315263748169,0.7015385627746582,0.4395892024040222,0.2623390555381775,-0.4928286075592041,0.7549564242362976,0.4336027503013611,0.26748156547546387,-0.6158103346824646,0.6901144981384277,0.43888768553733826,0.2678833603858948,-0.48411449790000916,0.740387499332428,0.4322856366634369,0.27389663457870483,-0.5784727931022644,0.6598656177520752,0.43901461362838745,0.27310460805892944,-0.45392799377441406,0.7087685465812683,0.4798119068145752,0.48294201493263245,-0.022752439603209496,0.999681293964386,0.423551470041275,0.4818647801876068,0.022678986191749573,0.9997023344039917,0.4989529550075531,0.5900396704673767,-0.035563789308071136,0.9921364784240723,0.3901377022266388,0.5943934321403503,-0.0026559226680547,0.9944764375686646,0.5264812707901001,0.6757071018218994,0.14956170320510864,0.9902839660644531,0.3749314248561859,0.6818112134933472,0.1906806379556656,0.9917223453521729,0.5213232040405273,0.6858587861061096,0.16145941615104675,0.8814532160758972,0.37875646352767944,0.695997416973114,0.2036924809217453,0.895433247089386,0.5420655012130737,0.7125680446624756,0.02401304803788662,0.9791048765182495,0.35457250475883484,0.7158280611038208,0.07247982174158096,0.9811319708824158
147,0.4391089379787445,0.28942668437957764,-0.23530089855194092,0.9998089075088501,0.4441223740577698,0.2799723744392395,-0.22560517489910126,0.9997041821479797,0.44725602865219116,0.27996647357940674,-0.22572672367095947,0.9995529651641846,0.45044058561325073,0.2799033224582672,-0.22576960921287537,0.9995550513267517,0.4353125989437103,0.2796233892440796,-0.2212022840976715,0.9996405243873596,0.43263331055641174,0.27936798334121704,-0.2213023155927658,0.9994685053825378,0.4296838343143463,0.27916088700294495,-0.22134819626808167,0.9994934797286987,0.4560585618019104,0.2830743193626404,-0.14199596643447876,0.9990273118019104,0.426641047000885,0.28217267990112305,-0.11983297765254974,0.9992126226425171,0.44454970955848694,0.2996445596218109,-0.20085647702217102,0.9989921450614929,0.4322848916053772,0.3032217025756836,-0.1944427192211151,0.9989527463912964,0.4815583825111389,0.3255468010902405,-0.1369062215089798,0.9954313635826111,0.40307432413101196,0.32553133368492126,-0.10297344624996185,0.9966246485710144,0.47300004959106445,0.3216139078140259,-0.3699033558368683,0.839237630367279,0.4080340266227722,0.3215806186199188,-0.3185736835002899,0.8965972661972046,0.4435974955558777,0.2714623510837555,-0.5548776984214783,0.7956506013870239,0.4319278299808502,0.26787814497947693,-0.507976770401001,0.8583179116249084,0.4399917721748352,0.2587743401527405,-0.6127603054046631,0.6967685222625732,0.4371400773525238,0.25565648078918457,-0.5581154227256775,0.7562933564186096,0.4394996762275696,0.2609718143939972,-0.593146026134491,0.6851786375045776,0.4354615807533264,0.2571256756782532,-0.5474395155906677,0.7415023446083069,0.4387965202331543,0.26676398515701294,-0.5546730160713196,0.6539950966835022,0.4350925087928772,0.2631686329841614,-0.5113275647163391,0.7080540657043457,0.4794554114341736,0.4816592335700989,-0.017014799639582634,0.9996833205223083,0.42413726449012756,0.4827251434326172,0.017002815380692482,0.9997023940086365,0.49957960844039917,0.5860332250595093,-0.0277540422976017,0.9923309087753296,0.3898408114910126,0.5941396951675415,-0.01714262180030346,0.9946327209472656,0.5250562429428101,0.6740466952323914,0.18320921063423157,0.9903795719146729,0.3736060559749603,0.6819449663162231,0.18493853509426117,0.9919480085372925,0.5193713903427124,0.6891708970069885,0.19677187502384186,0.8815692067146301,0.37712985277175903,0.6982388496398926,0.19777826964855194,0.8969813585281372,0.5401629209518433,0.7121558785438538,0.05588250234723091,0.9792220592498779,0.3569999635219574,0.7163223028182983,0.05473511666059494,0.9815420508384705
148,0.4331972002983093,0.2851833403110504,-0.220082089304924,0.9997986555099487,0.43772250413894653,0.2750161588191986,-0.20987696945667267,0.9996827244758606,0.4409964978694916,0.27462929487228394,-0.20997288823127747,0.99952632188797,0.44431644678115845,0.27418163418769836,-0.21002550423145294,0.9995221495628357,0.42852339148521423,0.2757136821746826,-0.20529791712760925,0.9996187686920166,0.425814688205719,0.275826096534729,-0.2054174393415451,0.9994454383850098,0.42284902930259705,0.2759737968444824,-0.20546627044677734,0.999465823173523,0.451119989156723,0.2771974205970764,-0.12680763006210327,0.9989710450172424,0.4208551049232483,0.2796823978424072,-0.10282404720783234,0.9991881847381592,0.44009584188461304,0.29485857486724854,-0.186221182346344,0.9989707469940186,0.4270080029964447,0.2916300296783447,-0.17930617928504944,0.9989312887191772,0.48028820753097534,0.3202213943004608,-0.11652238667011261,0.9955628514289856,0.4108971953392029,0.32348936796188354,-0.08866463601589203,0.9966196417808533,0.4757421910762787,0.3139326274394989,-0.3295556604862213,0.8328976631164551,0.4125367999076843,0.3227829933166504,-0.2777847647666931,0.8909866213798523,0.44192594289779663,0.2528458833694458,-0.49652808904647827,0.7830850481987,0.4466460645198822,0.27910155057907104,-0.42779698967933655,0.8450981378555298,0.4459213614463806,0.25136715173721313,-0.5503624677658081,0.6806489825248718,0.4553254246711731,0.26917722821235657,-0.47134843468666077,0.7372016310691833,0.4462204873561859,0.2546309232711792,-0.5310476422309875,0.668348491191864,0.45205897092819214,0.27158910036087036,-0.46102839708328247,0.7209523916244507,0.4453173279762268,0.26099663972854614,-0.495708167552948,0.635790228843689,0.4503505825996399,0.2767273783683777,-0.4301261007785797,0.6841548085212708,0.48016437888145447,0.4793568253517151,-0.015608620829880238,0.9996917843818665,0.4249146580696106,0.4812749922275543,0.015569698996841908,0.9997071623802185,0.5005915760993958,0.5851597189903259,-0.021218717098236084,0.9920981526374817,0.38904884457588196,0.5941737294197083,-0.004064234439283609,0.9945576190948486,0.5271543264389038,0.6733438372612,0.1959393471479416,0.9901819825172424,0.37342143058776855,0.6824867129325867,0.19992506504058838,0.9918971657752991,0.5212593078613281,0.6851924657821655,0.20991797745227814,0.8822067975997925,0.37764886021614075,0.6998541355133057,0.2128153294324875,0.8986563086509705,0.5433438420295715,0.7093816995620728,0.07122591137886047,0.9787577986717224,0.35309281945228577,0.7170969247817993,0.07205507904291153,0.9814757108688354
149,0.43534860014915466,0.28403663635253906,-0.2549517750740051,0.9998107552528381,0.44114142656326294,0.273624062538147,-0.24619226157665253,0.9997009634971619,0.4447851777076721,0.2733049690723419,-0.24630603194236755,0.99955153465271,0.4484714865684509,0.27292415499687195,-0.2463136464357376,0.9995470643043518,0.43126311898231506,0.2740638852119446,-0.23697519302368164,0.9996410012245178,0.42837390303611755,0.27405160665512085,-0.23705801367759705,0.999476969242096,0.4252103865146637,0.27408266067504883,-0.23707160353660583,0.9994964599609375,0.45646724104881287,0.27539515495300293,-0.16256600618362427,0.9990308284759521,0.4235379695892334,0.27693745493888855,-0.11678184568881989,0.9992392063140869,0.44271010160446167,0.2938440442085266,-0.2204877883195877,0.999040424823761,0.4315522313117981,0.2943635582923889,-0.20729807019233704,0.9990015625953674,0.48829880356788635,0.31638890504837036,-0.16318759322166443,0.9958668351173401,0.41044536232948303,0.3207591772079468,-0.09175074100494385,0.9968388676643372,0.48969966173171997,0.30873072147369385,-0.424996554851532,0.8441553711891174,0.40335503220558167,0.32114869356155396,-0.31962236762046814,0.8970840573310852,0.4554380476474762,0.2630239725112915,-0.6256517767906189,0.7968106269836426,0.4272823929786682,0.26522985100746155,-0.528418779373169,0.8560521006584167,0.451312392950058,0.25137653946876526,-0.689220666885376,0.6960675716400146,0.4324585795402527,0.2517673373222351,-0.5806528925895691,0.7526051998138428,0.4481530785560608,0.25408244132995605,-0.6656558513641357,0.6838177442550659,0.430558979511261,0.2536584734916687,-0.5684545040130615,0.7367050647735596,0.44762498140335083,0.2601904571056366,-0.6239979863166809,0.6513779759407043,0.43094563484191895,0.26043927669525146,-0.531959593296051,0.6998059749603271,0.48315706849098206,0.4823935627937317,-0.02978881262242794,0.9997094869613647,0.4279302954673767,0.48321834206581116,0.029738998040556908,0.9997223615646362,0.5033650398254395,0.5912693738937378,-0.03973383083939552,0.9924687743186951,0.38940876722335815,0.5960118770599365,0.02838021144270897,0.9947313070297241,0.5311449766159058,0.6764509081840515,0.1903107464313507,0.9904714822769165,0.37195682525634766,0.6846306920051575,0.25275611877441406,0.9920911192893982,0.5256633162498474,0.690783679485321,0.20546217262744904,0.882421612739563,0.37581321597099304,0.7017510533332825,0.2673529386520386,0.8991011381149292,0.5414587259292603,0.7151472568511963,0.05926479771733284,0.979239821434021,0.35062652826309204,0.7167365550994873,0.1245366781949997,0.9818375110626221
150,0.44572049379348755,0.2842596471309662,-0.2630072832107544,0.9998221397399902,0.4452882707118988,0.2696782052516937,-0.2529187500476837,0.9997187852859497,0.45561355352401733,0.27586865425109863,-0.253038227558136,0.9995762705802917,0.4591303765773773,0.2760426998138428,-0.253031849861145,0.9995705485343933,0.43699097633361816,0.27020883560180664,-0.24497584998607635,0.9996628761291504,0.43944811820983887,0.27459901571273804,-0.24506747722625732,0.9995081424713135,0.4362526535987854,0.27433937788009644,-0.24508407711982727,0.9995265007019043,0.4654315114021301,0.2805914282798767,-0.16459181904792786,0.999081552028656,0.43289270997047424,0.2783302664756775,-0.12633764743804932,0.9992861151695251,0.4510926604270935,0.2952929139137268,-0.2268936187028885,0.9990906119346619,0.4400659203529358,0.29434579610824585,-0.2158486545085907,0.9990569949150085,0.4884229600429535,0.32282668352127075,-0.17137984931468964,0.9959431886672974,0.41139721870422363,0.3188464045524597,-0.10086248815059662,0.9969605803489685,0.47196894884109497,0.31023508310317993,-0.43724769353866577,0.8506940603256226,0.40059298276901245,0.3134387135505676,-0.34185656905174255,0.9024629592895508,0.44114962220191956,0.26047247648239136,-0.6458706855773926,0.8054369688034058,0.4209904670715332,0.25688642263412476,-0.5787593722343445,0.8661940097808838,0.4376949369907379,0.2483353167772293,-0.7136003971099854,0.7060849070549011,0.42482203245162964,0.24421441555023193,-0.6381106972694397,0.767953634262085,0.4365275502204895,0.2511866092681885,-0.6929123401641846,0.6940685510635376,0.4252193570137024,0.24539867043495178,-0.6266912221908569,0.7528239488601685,0.43555641174316406,0.2572557330131531,-0.6461302638053894,0.6616057753562927,0.42568284273147583,0.2519591748714447,-0.5835805535316467,0.7168756723403931,0.4840455651283264,0.48215430974960327,-0.0290725938975811,0.9997244477272034,0.42910680174827576,0.4832471013069153,0.02905363403260708,0.9997381567955017,0.5019528269767761,0.5919117331504822,-0.03757654130458832,0.9927650094032288,0.39052528142929077,0.5943198204040527,0.014807043597102165,0.9948521852493286,0.5316389799118042,0.6785497069358826,0.1922554224729538,0.9905640482902527,0.3723682463169098,0.6868017315864563,0.23618021607398987,0.9922242760658264,0.527334988117218,0.6901330947875977,0.2080058604478836,0.8808378577232361,0.3765292167663574,0.701876163482666,0.25085216760635376,0.8991918563842773,0.5460932850837708,0.717032790184021,0.06305180490016937,0.9792513251304626,0.3532756567001343,0.7185341119766235,0.10671882331371307,0.9819895029067993
151,0.4269493520259857,0.26965636014938354,-0.2488103210926056,0.9998300671577454,0.4300746023654938,0.2616882920265198,-0.23969893157482147,0.9997317790985107,0.43580466508865356,0.2622116208076477,-0.23982441425323486,0.9995946884155273,0.43772420287132263,0.26188546419143677,-0.23983128368854523,0.9995900988578796,0.4218377470970154,0.2618879973888397,-0.2291741818189621,0.9996779561042786,0.42025262117385864,0.2621278464794159,-0.22924324870109558,0.999529242515564,0.41833144426345825,0.2621861696243286,-0.22926299273967743,0.9995469450950623,0.45078787207603455,0.2721693515777588,-0.15658816695213318,0.9991232752799988,0.41879934072494507,0.2751687169075012,-0.10587026178836823,0.9993186593055725,0.4369303584098816,0.2895653247833252,-0.2150438278913498,0.9991344809532166,0.4260139465332031,0.29071125388145447,-0.2003505676984787,0.9990971088409424,0.48571068048477173,0.3164353370666504,-0.16177210211753845,0.9961040019989014,0.40359562635421753,0.32176756858825684,-0.07316561788320541,0.9970466494560242,0.4745040535926819,0.31724604964256287,-0.41026362776756287,0.8561201691627502,0.39921659231185913,0.31529998779296875,-0.2788257300853729,0.9053432941436768,0.4391281008720398,0.2699797451496124,-0.5988375544548035,0.8103395700454712,0.4266154170036316,0.2647668719291687,-0.47304144501686096,0.8702911138534546,0.43425455689430237,0.25792771577835083,-0.6625155806541443,0.710174024105072,0.4328305125236511,0.25386881828308105,-0.5236638784408569,0.7710157632827759,0.43302521109580994,0.2609713077545166,-0.6412327289581299,0.6981840133666992,0.432150274515152,0.25632303953170776,-0.5134194493293762,0.7558706402778625,0.43262940645217896,0.2668401002883911,-0.5977694988250732,0.6653530597686768,0.4317501187324524,0.26199716329574585,-0.47753190994262695,0.7200766205787659,0.4870399832725525,0.47842511534690857,-0.031276218593120575,0.9997328519821167,0.4318057894706726,0.479952335357666,0.03125012293457985,0.9997457265853882,0.5039951801300049,0.5882532596588135,-0.03903381898999214,0.9930124878883362,0.39388129115104675,0.5934432148933411,0.03271326422691345,0.9949784278869629,0.5316686630249023,0.6793488264083862,0.17510110139846802,0.9907881021499634,0.37210777401924133,0.6858652830123901,0.24714264273643494,0.9923730492591858,0.5266882181167603,0.6913918852806091,0.18870966136455536,0.8804544806480408,0.37628766894340515,0.7011092901229858,0.26108497381210327,0.8991077542304993,0.5446505546569824,0.7175887227058411,0.04112475365400314,0.9796411395072937,0.3503601551055908,0.7176235914230347,0.12174268066883087,0.9822396039962769
152,0.4362112879753113,0.2876972258090973,-0.27071908116340637,0.9998366236686707,0.4412294030189514,0.27802732586860657,-0.2583463490009308,0.9997416734695435,0.44328635931015015,0.27776485681533813,-0.25849449634552,0.9996072053909302,0.4454035758972168,0.2773500680923462,-0.25851601362228394,0.9995993375778198,0.4327870011329651,0.27946263551712036,-0.2533630430698395,0.9996931552886963,0.42766064405441284,0.28044193983078003,-0.25346454977989197,0.9995512366294861,0.4255406856536865,0.2809767425060272,-0.2535143792629242,0.9995673298835754,0.4585683345794678,0.2837798595428467,-0.16432349383831024,0.9991534948348999,0.42505747079849243,0.28540462255477905,-0.13870474696159363,0.9993575811386108,0.445856511592865,0.3008596897125244,-0.232778400182724,0.9991724491119385,0.43436020612716675,0.30135399103164673,-0.22534318268299103,0.9991427063941956,0.4893307685852051,0.326262891292572,-0.16217942535877228,0.996182918548584,0.4079186022281647,0.3251231610774994,-0.12889732420444489,0.9971952438354492,0.4797093868255615,0.31894752383232117,-0.42263704538345337,0.8594473004341125,0.4025183618068695,0.332518994808197,-0.3918866515159607,0.9111045598983765,0.4525829255580902,0.2728758454322815,-0.6190494298934937,0.8151313662528992,0.4320750832557678,0.27249228954315186,-0.6229031682014465,0.8793442845344543,0.45020753145217896,0.2612951993942261,-0.6802873015403748,0.7133966088294983,0.43847304582595825,0.25878316164016724,-0.6816393136978149,0.7842314839363098,0.44907230138778687,0.26399916410446167,-0.660873532295227,0.7013197541236877,0.4381030201911926,0.25964149832725525,-0.6632020473480225,0.7695115804672241,0.44793739914894104,0.2698364853858948,-0.6196582913398743,0.6686863899230957,0.43799248337745667,0.2665404975414276,-0.6242367625236511,0.7339025735855103,0.4867313504219055,0.4859725832939148,-0.019503960385918617,0.9997358322143555,0.4289948046207428,0.4864879548549652,0.019500596448779106,0.9997487664222717,0.505830705165863,0.5911641716957092,-0.027757877483963966,0.9932973980903625,0.39237329363822937,0.5960966944694519,-0.01119664404541254,0.995151698589325,0.530036449432373,0.6801563501358032,0.21568527817726135,0.9908015131950378,0.37328699231147766,0.6828842759132385,0.21357305347919464,0.9924689531326294,0.527542769908905,0.6950808763504028,0.23286227881908417,0.8775378465652466,0.3763233721256256,0.6970345973968506,0.22883567214012146,0.8969293236732483,0.5458452105522156,0.7160732746124268,0.09161762148141861,0.9794211387634277,0.3537718653678894,0.7184730768203735,0.0822528824210167,0.9822873473167419
153,0.432429701089859,0.27837926149368286,-0.261025607585907,0.9998316168785095,0.43528133630752563,0.27081960439682007,-0.2503356635570526,0.9997349381446838,0.43771523237228394,0.27088114619255066,-0.25046074390411377,0.9995944499969482,0.4446794390678406,0.271655410528183,-0.25048989057540894,0.9995831847190857,0.42489832639694214,0.270514577627182,-0.24625511467456818,0.9996842741966248,0.4227778911590576,0.27091580629348755,-0.24636635184288025,0.9995375871658325,0.424124538898468,0.2773042917251587,-0.2464124858379364,0.999552309513092,0.4535878300666809,0.2803410291671753,-0.1604774445295334,0.9991243481636047,0.4213241934776306,0.2813042998313904,-0.13945674896240234,0.9993430972099304,0.44210028648376465,0.29711228609085083,-0.2240445911884308,0.9991562962532043,0.4275802671909332,0.29115694761276245,-0.21791891753673553,0.9991171956062317,0.48429736495018005,0.32484567165374756,-0.14901497960090637,0.9960048198699951,0.40196752548217773,0.3248189687728882,-0.12310309708118439,0.9970517158508301,0.4758830666542053,0.3268025517463684,-0.4025743901729584,0.8522469401359558,0.4007309079170227,0.31809377670288086,-0.3621459901332855,0.91221684217453,0.4450167715549469,0.2879791855812073,-0.6208328604698181,0.8080507516860962,0.4192899763584137,0.2603476643562317,-0.5729920268058777,0.8826583623886108,0.441112220287323,0.2794269621372223,-0.6835493445396423,0.704170286655426,0.42265334725379944,0.24695828557014465,-0.6263611316680908,0.7881171703338623,0.43946927785873413,0.2812011241912842,-0.6639028787612915,0.691857099533081,0.42145004868507385,0.24910053610801697,-0.6146695017814636,0.7732137441635132,0.43901926279067993,0.285834938287735,-0.6214376091957092,0.657856822013855,0.422203004360199,0.25584709644317627,-0.576352059841156,0.7360159158706665,0.49140024185180664,0.4827882647514343,-0.014781142584979534,0.9997349381446838,0.43303197622299194,0.482365220785141,0.014773344621062279,0.9997479915618896,0.5078151226043701,0.5959935188293457,-0.023267017677426338,0.9933658242225647,0.39485424757003784,0.5937258005142212,-0.00799527857452631,0.9952102899551392,0.5327423810958862,0.6814305186271667,0.19739271700382233,0.9907203912734985,0.3746238946914673,0.6809961795806885,0.2083786427974701,0.9924600124359131,0.5285887718200684,0.6970462799072266,0.2113710641860962,0.8761456608772278,0.378892183303833,0.6938949823379517,0.22256717085838318,0.8954538106918335,0.5453516244888306,0.7178013920783997,0.06483008712530136,0.9792357683181763,0.35656461119651794,0.7174206972122192,0.08022230118513107,0.9822038412094116
154,0.42858991026878357,0.2729203402996063,-0.2295118272304535,0.9998356103897095,0.43076199293136597,0.26376453042030334,-0.21977457404136658,0.9997421503067017,0.4359470307826996,0.2637863755226135,-0.21991713345050812,0.9996047616004944,0.4380473494529724,0.2631174325942993,-0.21996574103832245,0.9995905160903931,0.4212977886199951,0.2653670907020569,-0.2129383534193039,0.9996935129165649,0.4232710897922516,0.266953706741333,-0.21306434273719788,0.9995508790016174,0.4201831817626953,0.2671307921409607,-0.21312794089317322,0.9995618462562561,0.4505733549594879,0.27103888988494873,-0.13920141756534576,0.9991421699523926,0.41896262764930725,0.2725333869457245,-0.10593970119953156,0.9993616342544556,0.4378928542137146,0.28733038902282715,-0.1965341866016388,0.9991778135299683,0.4248239994049072,0.28665345907211304,-0.18683403730392456,0.9991359114646912,0.48421114683151245,0.32055866718292236,-0.15216800570487976,0.9960348606109619,0.4009905755519867,0.3228837251663208,-0.09751778095960617,0.9970757365226746,0.4791773855686188,0.3330414593219757,-0.44873857498168945,0.8456998467445374,0.40939873456954956,0.3271704912185669,-0.37154754996299744,0.9089214205741882,0.43896204233169556,0.2935452461242676,-0.6809959411621094,0.8046704530715942,0.43131023645401,0.27464979887008667,-0.6161436438560486,0.8835962414741516,0.4326082170009613,0.2849760055541992,-0.7493212223052979,0.7007494568824768,0.4355700612068176,0.2640969455242157,-0.6756384372711182,0.789893627166748,0.4304437041282654,0.2850075364112854,-0.7217423915863037,0.6881613731384277,0.43448513746261597,0.26470282673835754,-0.6598347425460815,0.774872899055481,0.43129390478134155,0.2895817756652832,-0.679052472114563,0.6526080369949341,0.4347054958343506,0.2704446315765381,-0.6193464994430542,0.7366269826889038,0.4910690188407898,0.4831053614616394,-0.022362736985087395,0.9997518658638,0.43296876549720764,0.4822100102901459,0.02237245813012123,0.9997625350952148,0.5108818411827087,0.5973133444786072,0.0048031192272901535,0.9934177398681641,0.39393773674964905,0.5950233340263367,-0.00564991682767868,0.9952351450920105,0.5337092280387878,0.6866968274116516,0.2319556176662445,0.9906512498855591,0.37587735056877136,0.6787286400794983,0.2149311602115631,0.9924724102020264,0.5296826958656311,0.698683500289917,0.24659928679466248,0.8738765120506287,0.38332027196884155,0.6954265832901001,0.2300303429365158,0.895155668258667,0.5419834852218628,0.7217910885810852,0.09810756146907806,0.9790406823158264,0.35391291975975037,0.7180091142654419,0.08721540123224258,0.9823158979415894
155,0.4140900671482086,0.2634657919406891,-0.2358832061290741,0.9998459219932556,0.42021694779396057,0.25367438793182373,-0.22535495460033417,0.9997575283050537,0.42224711179733276,0.2530933618545532,-0.2254779040813446,0.9996271729469299,0.42822402715682983,0.25227394700050354,-0.22549791634082794,0.9996134638786316,0.41136354207992554,0.2545601725578308,-0.2171269953250885,0.9997127056121826,0.409410297870636,0.25482767820358276,-0.2172403633594513,0.9995787739753723,0.4043196737766266,0.2549264430999756,-0.21729238331317902,0.9995889067649841,0.4355038106441498,0.25353413820266724,-0.142800971865654,0.9991888403892517,0.40620070695877075,0.2632077932357788,-0.1012859120965004,0.9994011521339417,0.4231988787651062,0.27394092082977295,-0.20260648429393768,0.9992297291755676,0.4142875075340271,0.2751447856426239,-0.1905430108308792,0.999184250831604,0.481332004070282,0.30615994334220886,-0.15010693669319153,0.996255099773407,0.4001229405403137,0.3115352988243103,-0.08978281915187836,0.9972395896911621,0.4819180965423584,0.32334524393081665,-0.44768089056015015,0.8506994247436523,0.3957187533378601,0.3314075171947479,-0.37087875604629517,0.9126685857772827,0.43478840589523315,0.28678247332572937,-0.6878926157951355,0.8135064244270325,0.40869730710983276,0.27303510904312134,-0.6422616839408875,0.8916285037994385,0.42651161551475525,0.278838187456131,-0.7568762898445129,0.7109404802322388,0.4105834364891052,0.26029035449028015,-0.7056170701980591,0.8027005195617676,0.4230272173881531,0.27862778306007385,-0.7300195097923279,0.6982524991035461,0.4071505665779114,0.25787636637687683,-0.6872740387916565,0.7881779074668884,0.4248228967189789,0.2832433581352234,-0.6860974431037903,0.661873996257782,0.41100460290908813,0.26604968309402466,-0.6449221968650818,0.7504004836082458,0.49380382895469666,0.47461453080177307,-0.02233639918267727,0.9997698068618774,0.43836063146591187,0.4773205816745758,0.02232411876320839,0.999778687953949,0.5110359787940979,0.5903406143188477,-0.010395475663244724,0.9936318397521973,0.3980370759963989,0.5871806740760803,0.030326122418045998,0.9953413605690002,0.5339491963386536,0.6821343898773193,0.22373318672180176,0.9908820390701294,0.37812340259552,0.6736000776290894,0.26724737882614136,0.9925826191902161,0.5307008028030396,0.6943271160125732,0.238467738032341,0.874915361404419,0.3820962905883789,0.6870839595794678,0.28312817215919495,0.8954324126243591,0.5464782118797302,0.7120370864868164,0.08338121324777603,0.9795627593994141,0.3606240749359131,0.7150241136550903,0.13830731809139252,0.982661247253418
156,0.42772284150123596,0.3029402196407318,-0.26864996552467346,0.9998224377632141,0.4336678087711334,0.2923755645751953,-0.26513564586639404,0.9997129440307617,0.43687039613723755,0.2918388247489929,-0.2651963531970978,0.9995588660240173,0.44011250138282776,0.2912556827068329,-0.2651712894439697,0.9995527267456055,0.4223702549934387,0.287227064371109,-0.24872799217700958,0.9996560215950012,0.4171198904514313,0.2883746922016144,-0.24881067872047424,0.999498724937439,0.4160752296447754,0.28879737854003906,-0.2488347291946411,0.9995192289352417,0.4501877725124359,0.2917286157608032,-0.19854313135147095,0.9989891648292542,0.4170319437980652,0.29277366399765015,-0.12175148725509644,0.9992283582687378,0.435323566198349,0.31118857860565186,-0.24007172882556915,0.9990746378898621,0.42296236753463745,0.3067287802696228,-0.21776409447193146,0.9989866018295288,0.4745383858680725,0.3226499557495117,-0.21707899868488312,0.996201753616333,0.4073313772678375,0.33559516072273254,-0.06460409611463547,0.9972854256629944,0.45729684829711914,0.3376495838165283,-0.48512059450149536,0.8581723570823669,0.3886491060256958,0.33462709188461304,-0.2863924503326416,0.908772349357605,0.41693049669265747,0.2967729866504669,-0.6802656650543213,0.8220113515853882,0.3926970064640045,0.2787048816680908,-0.5574061870574951,0.893172562122345,0.41017118096351624,0.28636687994003296,-0.7492266297340393,0.722320556640625,0.39884358644485474,0.27066802978515625,-0.6170952320098877,0.8054648041725159,0.4108402132987976,0.28753411769866943,-0.7301267385482788,0.7099878787994385,0.4018112123012543,0.2695433497428894,-0.6072787046432495,0.791537344455719,0.41161495447158813,0.2926466464996338,-0.6800779700279236,0.6727662682533264,0.4032283425331116,0.27490535378456116,-0.5644300580024719,0.7543007731437683,0.49478739500045776,0.48017674684524536,-0.04747981205582619,0.9997553825378418,0.43937405943870544,0.4799140989780426,0.04736750200390816,0.9997687339782715,0.5139455199241638,0.5877522230148315,-0.09287024289369583,0.9935552477836609,0.39886540174484253,0.5874890685081482,0.011704355478286743,0.9949060082435608,0.5340603590011597,0.6821186542510986,0.09438908100128174,0.9908314347267151,0.3802041709423065,0.6793155670166016,0.20716968178749084,0.9922930002212524,0.5303223729133606,0.6977806091308594,0.1051614060997963,0.8740146160125732,0.3839956521987915,0.6929311752319336,0.21906225383281708,0.8949971795082092,0.5448592901229858,0.7203338146209717,-0.05027323216199875,0.9795177578926086,0.35563790798187256,0.7165563106536865,0.08136055618524551,0.9821319580078125
157,0.4202098250389099,0.3026958703994751,-0.2996458411216736,0.9998323321342468,0.4243384003639221,0.29120710492134094,-0.29318150877952576,0.9997270703315735,0.4277055859565735,0.29037079215049744,-0.2933062016963959,0.999578595161438,0.43112221360206604,0.28948020935058594,-0.2932909429073334,0.9995719790458679,0.41181206703186035,0.29344642162323,-0.2837091088294983,0.9996737241744995,0.41044431924819946,0.29385098814964294,-0.2837945520877838,0.9995243549346924,0.4089640974998474,0.2939056158065796,-0.28381654620170593,0.9995434880256653,0.4398520588874817,0.2889783978462219,-0.21106210350990295,0.9990403056144714,0.4101489186286926,0.29533928632736206,-0.1656453013420105,0.9992761611938477,0.4286772608757019,0.31047049164772034,-0.26465296745300293,0.9991316199302673,0.4196530878543854,0.3122122287750244,-0.2513431906700134,0.9990513324737549,0.4752323031425476,0.3153259754180908,-0.21060319244861603,0.9964109659194946,0.39985525608062744,0.3301277756690979,-0.12709501385688782,0.9974724650382996,0.4760128855705261,0.3160386085510254,-0.49821537733078003,0.8681806325912476,0.37356501817703247,0.32524269819259644,-0.3899138569831848,0.9148550629615784,0.4368607997894287,0.2840269207954407,-0.728712260723114,0.8337288498878479,0.3886955678462982,0.273113489151001,-0.6498040556907654,0.9008415937423706,0.4314064383506775,0.27684974670410156,-0.7989027500152588,0.7362307906150818,0.3904842734336853,0.26186704635620117,-0.7104343771934509,0.816618800163269,0.427668958902359,0.27999424934387207,-0.7752981781959534,0.7242100238800049,0.39302685856819153,0.2636626362800598,-0.6952121257781982,0.8033211827278137,0.4207696318626404,0.27403590083122253,-0.7278918027877808,0.6868627071380615,0.3945915102958679,0.26990586519241333,-0.6540331840515137,0.7669653296470642,0.49742835760116577,0.47952327132225037,-0.0275016687810421,0.999758243560791,0.43727225065231323,0.48095783591270447,0.027463432401418686,0.999773383140564,0.5166881680488586,0.5866777896881104,-0.04756660759449005,0.99379563331604,0.39859387278556824,0.5872986912727356,-0.023035569116473198,0.9950950145721436,0.5353935956954956,0.6793467998504639,0.17881767451763153,0.9910289645195007,0.3787428140640259,0.6782277226448059,0.1919279545545578,0.9925767779350281,0.530053436756134,0.6926732063293457,0.193341463804245,0.8748213648796082,0.38309556245803833,0.692115068435669,0.20575571060180664,0.8954141139984131,0.5480552911758423,0.716299295425415,0.04095936939120293,0.9800330996513367,0.3547983765602112,0.71490478515625,0.057186342775821686,0.9827153086662292
158,0.4227973520755768,0.2952597141265869,-0.28092488646507263,0.9998410940170288,0.4275759756565094,0.2842746376991272,-0.2737072706222534,0.9997392296791077,0.4309486448764801,0.2835758328437805,-0.2738170325756073,0.9995948672294617,0.43436139822006226,0.2828191816806793,-0.27379679679870605,0.9995883703231812,0.4186977446079254,0.2855147421360016,-0.2635040283203125,0.9996907711029053,0.4162251949310303,0.28564780950546265,-0.2635982632637024,0.9995496273040771,0.4134666919708252,0.2858693599700928,-0.26363006234169006,0.999567985534668,0.4434424936771393,0.2832173705101013,-0.19328565895557404,0.9990789890289307,0.41349130868911743,0.28744930028915405,-0.14396890997886658,0.9993199706077576,0.43118947744369507,0.3037010133266449,-0.24732939898967743,0.9991785883903503,0.42132192850112915,0.30505692958831787,-0.2329738438129425,0.9991055727005005,0.48167791962623596,0.3185822665691376,-0.1979726403951645,0.9965874552726746,0.39749467372894287,0.3267974555492401,-0.11115673929452896,0.9976486563682556,0.477226197719574,0.3201560080051422,-0.4920644760131836,0.8767180442810059,0.378681480884552,0.3313750624656677,-0.38248395919799805,0.920263946056366,0.436398446559906,0.28091880679130554,-0.7231283783912659,0.8446342349052429,0.3926286995410919,0.27427440881729126,-0.6495934128761292,0.9080208539962769,0.43032607436180115,0.27104616165161133,-0.7933461666107178,0.7499354481697083,0.3943650722503662,0.2613306939601898,-0.7100855112075806,0.8275188207626343,0.4278515875339508,0.2731351852416992,-0.7684403657913208,0.7382240891456604,0.39600399136543274,0.262387752532959,-0.6927041411399841,0.8147427439689636,0.4284951090812683,0.2787400484085083,-0.7220457196235657,0.701147735118866,0.3976844251155853,0.2689281105995178,-0.6528425216674805,0.7792379856109619,0.496981680393219,0.4776349663734436,-0.029987886548042297,0.9997676014900208,0.4390852451324463,0.47895902395248413,0.029933089390397072,0.9997802376747131,0.515824556350708,0.5851419568061829,-0.06134937331080437,0.994074821472168,0.4008381962776184,0.5876227021217346,0.006200939416885376,0.9952263832092285,0.5352901816368103,0.680700421333313,0.15158355236053467,0.9913560152053833,0.37776342034339905,0.6804940700531006,0.2187563180923462,0.9927545189857483,0.5295334458351135,0.6940572261810303,0.16471144556999207,0.8764562606811523,0.3823190927505493,0.6933109760284424,0.2321205586194992,0.8943974375724792,0.5484167337417603,0.716015636920929,0.011162297800183296,0.9806894063949585,0.3531663417816162,0.7159105539321899,0.08606395125389099,0.9830282330513
159,0.43292874097824097,0.2965925633907318,-0.3162706196308136,0.9998443126678467,0.4395473897457123,0.28700190782546997,-0.30991291999816895,0.9997364282608032,0.4428447186946869,0.2869177460670471,-0.3099727928638458,0.999587893486023,0.446169912815094,0.2867696285247803,-0.30992528796195984,0.9995866417884827,0.42633095383644104,0.28477680683135986,-0.2966237962245941,0.9996939897537231,0.424905002117157,0.2850645184516907,-0.29676109552383423,0.9995569586753845,0.42333048582077026,0.2852439284324646,-0.29679858684539795,0.9995805025100708,0.45471182465553284,0.28870636224746704,-0.22662654519081116,0.999051034450531,0.42402806878089905,0.28842830657958984,-0.16603180766105652,0.999329686164856,0.4392551779747009,0.3061576187610626,-0.28187981247901917,0.9991887211799622,0.4267599582672119,0.2988128662109375,-0.2641547620296478,0.999139130115509,0.47660303115844727,0.32080942392349243,-0.22807767987251282,0.9967793822288513,0.40558499097824097,0.33207133412361145,-0.08518922328948975,0.9978498220443726,0.4504174292087555,0.3379214406013489,-0.4574524760246277,0.8856233954429626,0.35995879769325256,0.3410177230834961,-0.29827389121055603,0.9242199659347534,0.409278005361557,0.29383713006973267,-0.6412815451622009,0.8548719882965088,0.3814343214035034,0.2907029390335083,-0.5681936144828796,0.9129908084869385,0.4014347195625305,0.28242093324661255,-0.7078421115875244,0.7638606429100037,0.3852751553058624,0.2791218161582947,-0.6261947154998779,0.8339182734489441,0.40368661284446716,0.28233885765075684,-0.6916196942329407,0.752429723739624,0.39054054021835327,0.277717649936676,-0.6125593781471252,0.8213668465614319,0.4050658345222473,0.2881619334220886,-0.6415694355964661,0.7149592041969299,0.3910316228866577,0.28333696722984314,-0.572632372379303,0.7859682440757751,0.4989115595817566,0.4753339886665344,-0.04347875341773033,0.9997621178627014,0.4431873857975006,0.4776208996772766,0.043390173465013504,0.999782383441925,0.5163404941558838,0.5853742361068726,-0.08444708585739136,0.9940416216850281,0.4021683633327484,0.5866380333900452,0.005634542554616928,0.9948982000350952,0.5372483730316162,0.6819460391998291,0.11878888309001923,0.9913344383239746,0.3796568214893341,0.6810489892959595,0.20936806499958038,0.9925113320350647,0.5328790545463562,0.6959916353225708,0.13133205473423004,0.8766327500343323,0.38550591468811035,0.6949394941329956,0.22173866629600525,0.8950244784355164,0.5463519096374512,0.7149180769920349,-0.019397076219320297,0.9807061553001404,0.3539588451385498,0.7145740985870361,0.08015763014554977,0.9826269745826721
160,0.41506823897361755,0.27140721678733826,-0.31106191873550415,0.9998446702957153,0.42628049850463867,0.27375996112823486,-0.3018094003200531,0.9997316002845764,0.4298141598701477,0.2733094394207001,-0.3018948435783386,0.9995790123939514,0.4272143840789795,0.26924142241477966,-0.30188819766044617,0.9995806217193604,0.4165588319301605,0.27455851435661316,-0.2919890582561493,0.9996933341026306,0.413731187582016,0.2745870351791382,-0.2921466529369354,0.9995580911636353,0.41064390540122986,0.27468934655189514,-0.29219192266464233,0.9995851516723633,0.4414519667625427,0.2744961380958557,-0.20742705464363098,0.999037504196167,0.4093446731567383,0.27707475423812866,-0.16195794939994812,0.9993388056755066,0.4247819483280182,0.280362606048584,-0.27274611592292786,0.999217689037323,0.41546177864074707,0.2811858355998993,-0.2594316303730011,0.9991775751113892,0.47377610206604004,0.30789482593536377,-0.1936168074607849,0.9970249533653259,0.39231905341148376,0.32322126626968384,-0.09215249121189117,0.9980332851409912,0.46333950757980347,0.34146416187286377,-0.4331669807434082,0.8909417986869812,0.3631366491317749,0.34781983494758606,-0.32066968083381653,0.9277525544166565,0.4168485999107361,0.3038176894187927,-0.6530061364173889,0.8605515956878662,0.38506802916526794,0.2887742519378662,-0.5909263491630554,0.9170894026756287,0.4074564576148987,0.29463085532188416,-0.7199534773826599,0.7701197862625122,0.3897179067134857,0.2745445668697357,-0.6490010023117065,0.8384748697280884,0.40784892439842224,0.2920653820037842,-0.7006197571754456,0.7583926916122437,0.3907663822174072,0.27239230275154114,-0.6337200403213501,0.8255788087844849,0.40996941924095154,0.2972440719604492,-0.6523797512054443,0.718788743019104,0.39136719703674316,0.27903997898101807,-0.5936933159828186,0.788652777671814,0.49681562185287476,0.468686580657959,-0.0374150276184082,0.9997660517692566,0.44293349981307983,0.47216320037841797,0.03733746334910393,0.9997847080230713,0.5143752098083496,0.5832518339157104,-0.04388616234064102,0.994122326374054,0.40267032384872437,0.5843518972396851,0.03522235527634621,0.9946398735046387,0.5378275513648987,0.6790209412574768,0.17820042371749878,0.9914610385894775,0.3781591057777405,0.675714373588562,0.27501556277275085,0.9921422004699707,0.533362627029419,0.6938292980194092,0.1914747655391693,0.8784950971603394,0.38277268409729004,0.6878817081451416,0.2905135750770569,0.8952357769012451,0.5468464493751526,0.7154752016067505,0.033324386924505234,0.9809201955795288,0.3546038866043091,0.7149938941001892,0.1484488844871521,0.9820712208747864
161,0.43261805176734924,0.2928442060947418,-0.3205285668373108,0.9998260736465454,0.4418342113494873,0.28644153475761414,-0.3133848011493683,0.9996962547302246,0.44513630867004395,0.286487877368927,-0.31345289945602417,0.9995215535163879,0.448477566242218,0.2864745259284973,-0.313433974981308,0.9995240569114685,0.43280893564224243,0.2858951687812805,-0.3022538125514984,0.9996628165245056,0.430169016122818,0.2854459285736084,-0.30238479375839233,0.9995222687721252,0.4272453188896179,0.28509220480918884,-0.3024332523345947,0.9995574951171875,0.452318012714386,0.29047900438308716,-0.22545328736305237,0.9988735914230347,0.42504972219467163,0.2867029309272766,-0.17509743571281433,0.999261200428009,0.4410523474216461,0.3065991997718811,-0.28388920426368713,0.9991172552108765,0.43098917603492737,0.3055383563041687,-0.2692457139492035,0.9991058111190796,0.47910889983177185,0.321505069732666,-0.219541996717453,0.997085690498352,0.40036478638648987,0.3376995623111725,-0.08799418807029724,0.9981484413146973,0.4521998465061188,0.359835684299469,-0.4539085030555725,0.8966881036758423,0.36484041810035706,0.3710339069366455,-0.2885541617870331,0.924741804599762,0.39657944440841675,0.3283442258834839,-0.6830715537071228,0.8684970140457153,0.3501244783401489,0.3337065577507019,-0.5982527732849121,0.9199353456497192,0.38438814878463745,0.32316964864730835,-0.7546654343605042,0.7817686796188354,0.34080421924591064,0.32823288440704346,-0.6582983136177063,0.8449018001556396,0.384415864944458,0.31931281089782715,-0.7383838295936584,0.7705613970756531,0.34556668996810913,0.3207617402076721,-0.6595830321311951,0.8330432772636414,0.3872368633747101,0.32258716225624084,-0.684149444103241,0.7304026484489441,0.34906432032585144,0.3247090280056,-0.6085533499717712,0.7969008684158325,0.5022308826446533,0.47575634717941284,-0.03665166720747948,0.9997623562812805,0.44588837027549744,0.4777226448059082,0.03662405163049698,0.9997814297676086,0.5232946872711182,0.5847143530845642,-0.07824631035327911,0.9942009449005127,0.4055568277835846,0.5863592624664307,0.0027246002573519945,0.9944414496421814,0.5412380695343018,0.6815958619117737,0.12099883705377579,0.9914953708648682,0.37814950942993164,0.6807437539100647,0.2074318379163742,0.9920966029167175,0.5378647446632385,0.6946951150894165,0.13242051005363464,0.8790063858032227,0.3801308870315552,0.6951544284820557,0.21961669623851776,0.8948790431022644,0.5467165112495422,0.7189930081367493,-0.025806937366724014,0.9810971617698669,0.352051705121994,0.7174104452133179,0.07616464793682098,0.9819872975349426
162,0.4319790005683899,0.2967076897621155,-0.3325953185558319,0.9998072385787964,0.4400354325771332,0.2888864576816559,-0.3289749026298523,0.999663770198822,0.44188231229782104,0.28893229365348816,-0.32906031608581543,0.9994692206382751,0.4470604956150055,0.2871553897857666,-0.32906606793403625,0.9994720816612244,0.42970824241638184,0.28415343165397644,-0.31169915199279785,0.9996336698532104,0.4283415675163269,0.2842894196510315,-0.3118435740470886,0.9994848370552063,0.42515820264816284,0.2847333550453186,-0.3118857443332672,0.9995272159576416,0.45544296503067017,0.29140859842300415,-0.2511441111564636,0.9987694621086121,0.4248380661010742,0.28664296865463257,-0.17384560406208038,0.9991642832756042,0.4381989538669586,0.3076525628566742,-0.29938381910324097,0.9990352988243103,0.42772024869918823,0.30602389574050903,-0.2770267128944397,0.9990543723106384,0.4791792035102844,0.3299211859703064,-0.257136732339859,0.9971800446510315,0.40275248885154724,0.34065330028533936,-0.057175613939762115,0.9982587099075317,0.444612592458725,0.3717721700668335,-0.4711652398109436,0.9013171792030334,0.3740081191062927,0.37784698605537415,-0.21684877574443817,0.9061899781227112,0.36678561568260193,0.33637821674346924,-0.657101571559906,0.8726125955581665,0.3536190390586853,0.33705076575279236,-0.5068297982215881,0.9138315916061401,0.35508492588996887,0.32914185523986816,-0.7253507971763611,0.7877773642539978,0.3434632122516632,0.32838332653045654,-0.5596771240234375,0.8393273949623108,0.3546968698501587,0.3246587812900543,-0.7059985995292664,0.7765476703643799,0.34797102212905884,0.32272055745124817,-0.5643807649612427,0.8277758955955505,0.35677874088287354,0.32541531324386597,-0.6547926068305969,0.7338985800743103,0.3503306210041046,0.32359054684638977,-0.5177960991859436,0.7900843620300293,0.5014205574989319,0.47876352071762085,-0.058078087866306305,0.9997643232345581,0.44713515043258667,0.4805468022823334,0.058056242763996124,0.9997866153717041,0.5210141539573669,0.585686206817627,-0.08497069031000137,0.994083046913147,0.4064572751522064,0.5864238142967224,0.007373867090791464,0.9939876198768616,0.543497622013092,0.681381344795227,0.14079871773719788,0.991244375705719,0.3790121376514435,0.6819320321083069,0.2276851236820221,0.9918094277381897,0.5419448614120483,0.6941328644752502,0.15489047765731812,0.8768987059593201,0.38216453790664673,0.6966620683670044,0.24169263243675232,0.896481454372406,0.5465083122253418,0.7179601788520813,-0.002144673839211464,0.9806280136108398,0.34912794828414917,0.7174805402755737,0.10224650055170059,0.9815375804901123
163,0.43527406454086304,0.30356645584106445,-0.24540098011493683,0.9997854232788086,0.4406045079231262,0.29370978474617004,-0.24492108821868896,0.9996334910392761,0.44302091002464294,0.2937580347061157,-0.24496173858642578,0.9994275569915771,0.4487362504005432,0.2938336133956909,-0.2449539601802826,0.9994494915008545,0.4331769347190857,0.29356276988983154,-0.22530946135520935,0.9996005296707153,0.43223005533218384,0.2935525178909302,-0.2254503220319748,0.9994451403617859,0.4310280680656433,0.29355818033218384,-0.22546859085559845,0.9995051622390747,0.4591330885887146,0.2987452447414398,-0.18586723506450653,0.9986640214920044,0.4344405233860016,0.29667043685913086,-0.09775727987289429,0.9990225434303284,0.4420122504234314,0.3119252026081085,-0.21939781308174133,0.998880922794342,0.4324921667575836,0.3118272125720978,-0.1938781440258026,0.998881995677948,0.4804002642631531,0.3342324197292328,-0.20519420504570007,0.9973677396774292,0.42304763197898865,0.348087340593338,0.025772294029593468,0.9983861446380615,0.4379788339138031,0.38680994510650635,-0.34366482496261597,0.9059560894966125,0.3757917881011963,0.3907867670059204,-0.05964537709951401,0.8733691573143005,0.35618865489959717,0.3646951913833618,-0.4620460867881775,0.8772406578063965,0.34222209453582764,0.366415798664093,-0.31790900230407715,0.8989141583442688,0.3399866819381714,0.3598783016204834,-0.5194133520126343,0.7962337732315063,0.3312506377696991,0.35649487376213074,-0.3662901222705841,0.827183187007904,0.34522074460983276,0.3511536121368408,-0.5106309652328491,0.7856102585792542,0.33580464124679565,0.34843841195106506,-0.37753719091415405,0.817406177520752,0.3483453392982483,0.3565223217010498,-0.46183815598487854,0.742468535900116,0.33920884132385254,0.35357826948165894,-0.33156344294548035,0.7809882164001465,0.5049958825111389,0.47986549139022827,-0.061246585100889206,0.9997580051422119,0.45093923807144165,0.48293885588645935,0.06121419742703438,0.9997835159301758,0.5230109095573425,0.5929111838340759,-0.057480257004499435,0.9929099082946777,0.40578022599220276,0.5879503488540649,0.059469062834978104,0.9917941689491272,0.5413994789123535,0.6887905597686768,0.10480453819036484,0.9903907179832458,0.3806173801422119,0.6821670532226562,0.238371342420578,0.9903096556663513,0.5378146767616272,0.7033772468566895,0.11375614255666733,0.8735735416412354,0.3863755464553833,0.6948103904724121,0.2497536838054657,0.8957445621490479,0.5468471646308899,0.723214328289032,-0.03201886638998985,0.9793520569801331,0.35261106491088867,0.7161046266555786,0.1322951763868332,0.9795231819152832
164,0.43376675248146057,0.29648900032043457,-0.19342486560344696,0.9997539520263672,0.4431362748146057,0.2887900471687317,-0.19478604197502136,0.9995817542076111,0.44586992263793945,0.2889292240142822,-0.19483891129493713,0.9993636012077332,0.44852423667907715,0.2890905439853668,-0.19484850764274597,0.9993945360183716,0.4370573163032532,0.2889522314071655,-0.17334476113319397,0.9995412826538086,0.4365810751914978,0.2891896963119507,-0.17347270250320435,0.9993810653686523,0.4360089898109436,0.2894399166107178,-0.17349213361740112,0.9994505047798157,0.46166354417800903,0.29624611139297485,-0.14930051565170288,0.9985119104385376,0.4412669241428375,0.29438287019729614,-0.05374320223927498,0.9988222122192383,0.44391387701034546,0.3106517195701599,-0.17274720966815948,0.998616099357605,0.4352850019931793,0.3078967332839966,-0.1450558751821518,0.9986250996589661,0.48245254158973694,0.33918333053588867,-0.18513421714305878,0.997499406337738,0.4284732937812805,0.3449687361717224,0.06333573162555695,0.9984842538833618,0.43439531326293945,0.3868865370750427,-0.33156368136405945,0.9074116349220276,0.3807234764099121,0.3825424909591675,-0.01773745007812977,0.83381587266922,0.3568692207336426,0.36609208583831787,-0.4432910978794098,0.877872884273529,0.34471362829208374,0.36314651370048523,-0.2587880790233612,0.8770952224731445,0.3444543480873108,0.3574537932872772,-0.4996524751186371,0.7995538115501404,0.33353984355926514,0.35397523641586304,-0.30082568526268005,0.8082129955291748,0.3449031710624695,0.35341066122055054,-0.4864733815193176,0.7891684174537659,0.3366505205631256,0.3504626750946045,-0.3128730058670044,0.8001668453216553,0.34708189964294434,0.3552437126636505,-0.4410162568092346,0.7439499497413635,0.34127700328826904,0.3518418073654175,-0.27228477597236633,0.764890730381012,0.5051740407943726,0.4796019494533539,-0.0650608092546463,0.999758243560791,0.45267707109451294,0.4823690354824066,0.06502432376146317,0.9997860789299011,0.521554708480835,0.5922871828079224,-0.054605353623628616,0.991885781288147,0.4071029722690582,0.5865158438682556,0.054424844682216644,0.9900825023651123,0.5410257577896118,0.6903626918792725,0.0954088494181633,0.9895980358123779,0.37922608852386475,0.681372344493866,0.2123323380947113,0.9892470240592957,0.5375019311904907,0.7035505175590515,0.10325966030359268,0.8699695467948914,0.3820924758911133,0.6962499618530273,0.22199495136737823,0.894795298576355,0.5452806949615479,0.7240042090415955,-0.03784452751278877,0.9780598878860474,0.35024046897888184,0.7156299948692322,0.10795368999242783,0.9779415726661682
165,0.44866761565208435,0.2975735068321228,-0.2645113468170166,0.9997523427009583,0.4518728256225586,0.29071831703186035,-0.2556176483631134,0.9995772838592529,0.45673879981040955,0.2906811535358429,-0.2556605041027069,0.9993633031845093,0.4600986838340759,0.290482759475708,-0.25569403171539307,0.9994019269943237,0.4453243613243103,0.29134401679039,-0.24542145431041718,0.9995371103286743,0.44211894273757935,0.29173600673675537,-0.24550673365592957,0.9993828535079956,0.44061923027038574,0.29205322265625,-0.24549856781959534,0.9994516968727112,0.468397855758667,0.2961702346801758,-0.16772258281707764,0.9985302686691284,0.44239717721939087,0.2962040305137634,-0.12293316423892975,0.9987813830375671,0.4543786942958832,0.30801862478256226,-0.22919254004955292,0.998661994934082,0.4424927830696106,0.308083713054657,-0.21615931391716003,0.9986478090286255,0.495294988155365,0.3418406546115875,-0.13213570415973663,0.9977168440818787,0.4240308403968811,0.3421308696269989,-0.012083400972187519,0.9986047148704529,0.48850712180137634,0.4114654064178467,-0.18218734860420227,0.9089868664741516,0.39395612478256226,0.39775896072387695,-0.053213197737932205,0.828097939491272,0.47871485352516174,0.4345315992832184,-0.326693058013916,0.8802770376205444,0.35128021240234375,0.39888375997543335,-0.26579058170318604,0.8740448355674744,0.4801956117153168,0.44417935609817505,-0.3717224895954132,0.8060305714607239,0.3421950340270996,0.4000721573829651,-0.30515894293785095,0.8086016178131104,0.4787784218788147,0.4412257671356201,-0.39069676399230957,0.7974772453308105,0.3435114324092865,0.39118990302085876,-0.33434680104255676,0.802855908870697,0.475639283657074,0.4373951852321625,-0.33768177032470703,0.7542687058448792,0.347009539604187,0.39296600222587585,-0.283634215593338,0.7697768807411194,0.5051409006118774,0.476130872964859,-0.03393363952636719,0.9997708797454834,0.45244479179382324,0.47839459776878357,0.0339772067964077,0.9997947812080383,0.5276095867156982,0.5882290005683899,-0.06765493750572205,0.9920862317085266,0.41210421919822693,0.5872133374214172,0.0066064512357115746,0.9903916716575623,0.5402766466140747,0.6825969219207764,0.08405419439077377,0.989787220954895,0.38144710659980774,0.6853392124176025,0.14821165800094604,0.9896570444107056,0.5346441268920898,0.6965065598487854,0.09049789607524872,0.871166467666626,0.3855309784412384,0.7022645473480225,0.15418824553489685,0.8965224623680115,0.5502939224243164,0.7155368328094482,-0.05554677173495293,0.9786080121994019,0.3472766876220703,0.7177704572677612,0.021178992465138435,0.9787499904632568
166,0.4456678032875061,0.2962322235107422,-0.23094400763511658,0.9997467398643494,0.45373791456222534,0.2888825833797455,-0.2201375961303711,0.9995652437210083,0.45653408765792847,0.2889381945133209,-0.22016289830207825,0.9993512630462646,0.45926323533058167,0.2887965142726898,-0.22019371390342712,0.9993946552276611,0.4459781050682068,0.2890109419822693,-0.2140214890241623,0.9995314478874207,0.44471389055252075,0.28920072317123413,-0.21410337090492249,0.9993849992752075,0.4408055245876312,0.28952455520629883,-0.21410052478313446,0.9994515776634216,0.46858102083206177,0.2945655584335327,-0.12972457706928253,0.9985421299934387,0.4415346086025238,0.29456889629364014,-0.10320208221673965,0.9987751245498657,0.45529550313949585,0.308085173368454,-0.19474779069423676,0.9987027049064636,0.4453250467777252,0.30721527338027954,-0.18699851632118225,0.9986768364906311,0.49612951278686523,0.33874309062957764,-0.08614744991064072,0.997901976108551,0.4219420552253723,0.34233564138412476,-0.013790519908070564,0.9987179040908813,0.49181389808654785,0.40563052892684937,-0.10845676809549332,0.9065191745758057,0.39425456523895264,0.3935546875,-0.06804019212722778,0.8271846175193787,0.4942527711391449,0.43851184844970703,-0.23163250088691711,0.8788929581642151,0.35254138708114624,0.40002337098121643,-0.2777711749076843,0.8736386299133301,0.4993204176425934,0.4510381817817688,-0.26753830909729004,0.8083165287971497,0.3407915234565735,0.39593151211738586,-0.3190094828605652,0.8120675086975098,0.4979798197746277,0.44996118545532227,-0.29536086320877075,0.802079975605011,0.3432033658027649,0.3921535015106201,-0.3452058434486389,0.8083778619766235,0.4935165345668793,0.44492000341415405,-0.24580104649066925,0.7615147233009338,0.348349928855896,0.3940431773662567,-0.2944033741950989,0.7778141498565674,0.505988359451294,0.4752366542816162,-0.019141340628266335,0.9997791647911072,0.4519830346107483,0.4766503870487213,0.019144220277667046,0.9998012781143188,0.5277606248855591,0.5866101384162903,-0.04968980327248573,0.9922710657119751,0.41284018754959106,0.5847065448760986,-0.00557312136515975,0.9907440543174744,0.5430116653442383,0.6773263812065125,0.09136928617954254,0.9899322986602783,0.3815898299217224,0.6813336610794067,0.11342988908290863,0.9901149868965149,0.5386412143707275,0.6919962763786316,0.09710314124822617,0.8715354800224304,0.3832355737686157,0.6974574327468872,0.11711679399013519,0.8971260190010071,0.5528504848480225,0.7149842977523804,-0.04088737443089485,0.9789642095565796,0.35144442319869995,0.7170048952102661,-0.01615111157298088,0.9795148968696594
167,0.45089030265808105,0.29397547245025635,-0.21416501700878143,0.9997534155845642,0.4569339156150818,0.2868630290031433,-0.20133797824382782,0.9995719790458679,0.459705650806427,0.28733375668525696,-0.20136287808418274,0.99936443567276,0.4644325375556946,0.2875825762748718,-0.20138005912303925,0.9994074702262878,0.4482150077819824,0.2862931489944458,-0.19874374568462372,0.9995449185371399,0.4466460347175598,0.2863014340400696,-0.1988474428653717,0.9994076490402222,0.4451295733451843,0.28635331988334656,-0.1988421082496643,0.9994704723358154,0.4693126082420349,0.29247570037841797,-0.10421739518642426,0.9985895156860352,0.441842257976532,0.2916746139526367,-0.09428612142801285,0.9988187551498413,0.45823049545288086,0.30588632822036743,-0.1756085604429245,0.9987735748291016,0.4463072717189789,0.3040592074394226,-0.17268219590187073,0.9987465739250183,0.4976181089878082,0.3387289047241211,-0.06271867454051971,0.9980713129043579,0.4202503561973572,0.34406042098999023,-0.012653467245399952,0.9988202452659607,0.49662846326828003,0.4065121114253998,-0.11511260271072388,0.9023837447166443,0.4059525430202484,0.40713125467300415,-0.10335872322320938,0.8263213634490967,0.5018553733825684,0.43154972791671753,-0.27740904688835144,0.8774986267089844,0.3633612096309662,0.41782841086387634,-0.3373970687389374,0.8748137950897217,0.5075727105140686,0.4411013126373291,-0.31783708930015564,0.810115396976471,0.34990906715393066,0.4213694930076599,-0.38245144486427307,0.8164160847663879,0.50626140832901,0.4395115375518799,-0.3401411473751068,0.8057352900505066,0.35053858160972595,0.41500502824783325,-0.4040663242340088,0.8140609860420227,0.5014369487762451,0.43597373366355896,-0.290738582611084,0.7669087648391724,0.35700327157974243,0.41438549757003784,-0.35249847173690796,0.784656286239624,0.5070029497146606,0.47642460465431213,-0.014830228872597218,0.9997819066047668,0.45273199677467346,0.47976550459861755,0.01481819711625576,0.9998041391372681,0.5275747776031494,0.5836628675460815,-0.03797697275876999,0.9925011396408081,0.4143560528755188,0.5913138389587402,-0.004870221950113773,0.991019070148468,0.5445562601089478,0.6801223754882812,0.11309120804071426,0.9900391101837158,0.38036686182022095,0.6890963912010193,0.1334686577320099,0.9904770851135254,0.5422727465629578,0.6939717531204224,0.11970366537570953,0.8716371655464172,0.3832316994667053,0.702320396900177,0.13884231448173523,0.8967506885528564,0.5556943416595459,0.7162282466888428,-0.019091906026005745,0.9792582392692566,0.34908419847488403,0.7196982502937317,0.005343920551240444,0.9800445437431335
168,0.4443250596523285,0.2919479012489319,-0.30044856667518616,0.9997528195381165,0.4533594250679016,0.2870822548866272,-0.29058218002319336,0.9995694160461426,0.4568115770816803,0.2872290313243866,-0.290661484003067,0.9993681907653809,0.4616491198539734,0.286907434463501,-0.2907356321811676,0.9994164109230042,0.4455896317958832,0.28714585304260254,-0.2829173803329468,0.9995447993278503,0.4445091187953949,0.2871220111846924,-0.2830214202404022,0.9994151592254639,0.4433876872062683,0.2849856913089752,-0.28302526473999023,0.9994757175445557,0.469015508890152,0.28993746638298035,-0.19717320799827576,0.9986302852630615,0.44576019048690796,0.29037514328956604,-0.1637297123670578,0.9988105893135071,0.4562538266181946,0.3050296902656555,-0.2629415690898895,0.9988333582878113,0.44346970319747925,0.3027302324771881,-0.2531176209449768,0.9987899661064148,0.49919062852859497,0.33991739153862,-0.14147979021072388,0.9982427358627319,0.42336422204971313,0.3418765366077423,-0.057210952043533325,0.9989162683486938,0.5036008954048157,0.4134083390235901,-0.1396384984254837,0.9024136662483215,0.4104680120944977,0.40958666801452637,-0.09124761819839478,0.8150649666786194,0.5097358822822571,0.4662545323371887,-0.24952971935272217,0.874987006187439,0.3610999584197998,0.417747437953949,-0.2937186062335968,0.8660417795181274,0.5164855122566223,0.47984999418258667,-0.28452908992767334,0.8098452687263489,0.3472360372543335,0.4162159562110901,-0.3344780206680298,0.8108692765235901,0.5155715942382812,0.47864118218421936,-0.3172188997268677,0.80772864818573,0.34842362999916077,0.41192394495010376,-0.3630973994731903,0.8108203411102295,0.509885311126709,0.47299259901046753,-0.2651284635066986,0.7709391117095947,0.3536660075187683,0.41174373030662537,-0.3109171390533447,0.7829828262329102,0.5069823265075684,0.4773697853088379,-0.026222113519906998,0.9997914433479309,0.4528961181640625,0.4793239235877991,0.026227449998259544,0.999811589717865,0.5280435085296631,0.5825603604316711,-0.035366591066122055,0.9926440715789795,0.4160681366920471,0.5898608565330505,0.03000171110033989,0.9913109540939331,0.5436201095581055,0.6707698106765747,0.15528453886508942,0.9899979829788208,0.3839230239391327,0.6805928349494934,0.19196991622447968,0.9907774329185486,0.5389248132705688,0.6811416745185852,0.166408970952034,0.8704375624656677,0.3870334327220917,0.6958478093147278,0.20014047622680664,0.8980636596679688,0.5469372272491455,0.7126724720001221,0.030990947037935257,0.9792954325675964,0.3493955433368683,0.717618465423584,0.06930740177631378,0.9806140065193176
169,0.43838948011398315,0.2999601364135742,-0.3099147081375122,0.9997483491897583,0.4436179995536804,0.29207199811935425,-0.30000409483909607,0.9995564222335815,0.44657182693481445,0.29208701848983765,-0.30005452036857605,0.9993578195571899,0.4494510591030121,0.29194533824920654,-0.3001077175140381,0.9994125962257385,0.4362521171569824,0.29160207509994507,-0.29425477981567383,0.9995341897010803,0.43378573656082153,0.29146072268486023,-0.29433712363243103,0.999406635761261,0.4323464334011078,0.2914217412471771,-0.2943422794342041,0.9994664788246155,0.45655354857444763,0.2963396906852722,-0.20146003365516663,0.9986260533332825,0.4333369731903076,0.29505646228790283,-0.17696860432624817,0.9987637400627136,0.446664035320282,0.31254279613494873,-0.2697930932044983,0.9988933801651001,0.43551427125930786,0.30998730659484863,-0.2626374363899231,0.998843252658844,0.4952889084815979,0.33787035942077637,-0.1324770748615265,0.9984080195426941,0.4151764512062073,0.3456752300262451,-0.0640387088060379,0.9990110993385315,0.5007966160774231,0.40534648299217224,-0.10583575069904327,0.9050903916358948,0.4118727743625641,0.41612228751182556,-0.04738409072160721,0.8130686283111572,0.5123398900032043,0.4603172838687897,-0.20150300860404968,0.8753436803817749,0.40515366196632385,0.45427432656288147,-0.1873445063829422,0.8564762473106384,0.5194463729858398,0.4742225706577301,-0.23382148146629333,0.8117082715034485,0.4026254713535309,0.46942082047462463,-0.21744675934314728,0.8005431890487671,0.5176261067390442,0.47304973006248474,-0.26520979404449463,0.8110259771347046,0.40632039308547974,0.46683111786842346,-0.24772164225578308,0.8019978404045105,0.5121104717254639,0.4680265486240387,-0.21527037024497986,0.7755735516548157,0.4097576141357422,0.4607029855251312,-0.20197519659996033,0.774165153503418,0.5061951279640198,0.4735148549079895,-0.024076921865344048,0.9997991323471069,0.4540957808494568,0.4807925224304199,0.024040555581450462,0.999817430973053,0.5273364782333374,0.5797654986381531,-0.04954176023602486,0.9928933382034302,0.4175373613834381,0.5924292802810669,0.006863032467663288,0.9916121959686279,0.5467954874038696,0.6726253032684326,0.1226295456290245,0.9901658892631531,0.38385167717933655,0.6879301071166992,0.15118861198425293,0.991123378276825,0.5447465181350708,0.6826431155204773,0.13201309740543365,0.8714588284492493,0.3890836834907532,0.7020536661148071,0.15741178393363953,0.9007287621498108,0.5533734560012817,0.7101576924324036,-0.0018242362421005964,0.979677677154541,0.3534342050552368,0.7169476747512817,0.026644721627235413,0.9812840223312378
170,0.44566816091537476,0.31079235672950745,-0.32549649477005005,0.9997093081474304,0.4504541754722595,0.30185621976852417,-0.3155953884124756,0.9994848370552063,0.45452243089675903,0.301449179649353,-0.31563031673431396,0.9992653727531433,0.45791855454444885,0.3008187413215637,-0.31567618250846863,0.9993299245834351,0.44174233078956604,0.3013303279876709,-0.3122847378253937,0.9994811415672302,0.4397813677787781,0.3008210062980652,-0.31240740418434143,0.9993538856506348,0.4378294348716736,0.3003905415534973,-0.3124626576900482,0.9994201064109802,0.4632459282875061,0.3004135191440582,-0.21658781170845032,0.9984648823738098,0.43710798025131226,0.30180978775024414,-0.20289912819862366,0.9986775517463684,0.454411119222641,0.31996530294418335,-0.28440791368484497,0.9988740086555481,0.4423752725124359,0.3197488784790039,-0.2804168164730072,0.9988300800323486,0.49702101945877075,0.3405696153640747,-0.1414787769317627,0.9985340237617493,0.41708308458328247,0.34639427065849304,-0.10460839420557022,0.9990943074226379,0.495064914226532,0.41628971695899963,-0.13077278435230255,0.8957791328430176,0.4121581017971039,0.4077224135398865,-0.13580012321472168,0.8115918040275574,0.493781179189682,0.45650044083595276,-0.2298431396484375,0.8600072860717773,0.39886125922203064,0.4404093325138092,-0.30995747447013855,0.8449568152427673,0.4970601499080658,0.4706668257713318,-0.26314577460289,0.7966862320899963,0.3955315947532654,0.4529114365577698,-0.34974437952041626,0.7898973822593689,0.4962337017059326,0.46890297532081604,-0.2920616865158081,0.7980605959892273,0.388749897480011,0.44861680269241333,-0.37192395329475403,0.7928183674812317,0.4924185276031494,0.4635549485683441,-0.24350008368492126,0.7632045745849609,0.39833375811576843,0.44651007652282715,-0.3225497007369995,0.7652942538261414,0.507684051990509,0.4758138060569763,-0.011161111295223236,0.9998020529747009,0.454862117767334,0.4813626706600189,0.011132093146443367,0.9998189806938171,0.5306656956672668,0.5833116769790649,-0.0263136588037014,0.9928186535835266,0.4194548726081848,0.5906439423561096,0.005228819791227579,0.9915114045143127,0.5461552143096924,0.6711534261703491,0.13749055564403534,0.9898632168769836,0.38464629650115967,0.6813298463821411,0.14435650408267975,0.9910879135131836,0.5403079986572266,0.6826270818710327,0.1461872160434723,0.8700544834136963,0.3880058825016022,0.693177342414856,0.15045316517353058,0.8989155888557434,0.5523744821548462,0.7134930491447449,0.012961139902472496,0.9792782664299011,0.3527473509311676,0.7174733281135559,0.018286561593413353,0.9812315702438354
171,0.4385896623134613,0.2801644802093506,-0.23059315979480743,0.9996882081031799,0.4453635811805725,0.2730299234390259,-0.21702507138252258,0.9994563460350037,0.44808459281921387,0.27309247851371765,-0.2170889675617218,0.9992313385009766,0.4528083801269531,0.27276840806007385,-0.21712413430213928,0.9993022084236145,0.43794751167297363,0.2743127942085266,-0.21651558578014374,0.9994655847549438,0.4365984797477722,0.27490442991256714,-0.21660935878753662,0.9993460178375244,0.43314963579177856,0.2759521007537842,-0.21662232279777527,0.9994115233421326,0.45940595865249634,0.280914843082428,-0.11998341232538223,0.9984104037284851,0.43352991342544556,0.28100883960723877,-0.11819896847009659,0.9986593127250671,0.45071640610694885,0.29456013441085815,-0.19214560091495514,0.998899519443512,0.43784183263778687,0.2906860411167145,-0.19157905876636505,0.9988559484481812,0.4995579123497009,0.331922322511673,-0.06129619479179382,0.9986546635627747,0.4157409071922302,0.3419443368911743,-0.048685912042856216,0.9991622567176819,0.5053529143333435,0.41515469551086426,-0.05980520695447922,0.8847227692604065,0.4193097949028015,0.4156971573829651,-0.07638181000947952,0.8040607571601868,0.5039898753166199,0.464924156665802,-0.18727850914001465,0.8450616002082825,0.40910473465919495,0.4519955515861511,-0.2377481758594513,0.8270977735519409,0.5080035328865051,0.48238104581832886,-0.22485485672950745,0.7828283905982971,0.40646785497665405,0.46592098474502563,-0.2766350507736206,0.7734003663063049,0.5040888786315918,0.48088693618774414,-0.2520194947719574,0.7861858606338501,0.4088331162929535,0.4632953703403473,-0.3045317530632019,0.7782787084579468,0.49985408782958984,0.4740463197231293,-0.2014370709657669,0.7521957159042358,0.4047086238861084,0.457648366689682,-0.25258100032806396,0.7516006827354431,0.5099381804466248,0.47396954894065857,-0.00182996632065624,0.9998118281364441,0.45687079429626465,0.48049670457839966,0.0018625458469614387,0.9998263716697693,0.5295044183731079,0.5824042558670044,-0.0123980063945055,0.9925827980041504,0.42363089323043823,0.5891661047935486,-0.001203563529998064,0.9914164543151855,0.546068549156189,0.6759830117225647,0.14320439100265503,0.9895078539848328,0.3826955556869507,0.6843428015708923,0.12817615270614624,0.991091787815094,0.5417004823684692,0.6925175786018372,0.15021540224552155,0.8685981035232544,0.38344404101371765,0.6969630122184753,0.13298632204532623,0.8959583044052124,0.5535700917243958,0.7152557969093323,0.01984669826924801,0.9789626002311707,0.35500484704971313,0.7176140546798706,0.005494368728250265,0.9812390804290771
172,0.4384237229824066,0.28795838356018066,-0.23630669713020325,0.9996272921562195,0.44410744309425354,0.2807198464870453,-0.22710013389587402,0.9993581175804138,0.4466584324836731,0.2805701196193695,-0.22717277705669403,0.9991136193275452,0.44917696714401245,0.2803115248680115,-0.22720389068126678,0.9992023706436157,0.43761149048805237,0.28140315413475037,-0.22096821665763855,0.9993674755096436,0.4365158677101135,0.2815402150154114,-0.22104398906230927,0.9992427229881287,0.43345800042152405,0.28210949897766113,-0.2210516631603241,0.9993189573287964,0.4575885832309723,0.2856292724609375,-0.1426902562379837,0.9981722831726074,0.4340170919895172,0.28579404950141907,-0.11485709995031357,0.998412549495697,0.44763851165771484,0.29674363136291504,-0.20194987952709198,0.9988465309143066,0.4382362365722656,0.2975021004676819,-0.19386371970176697,0.9987808465957642,0.4950176179409027,0.32724207639694214,-0.09787920862436295,0.9987682104110718,0.4171712398529053,0.3428014814853668,-0.02875179424881935,0.9992201924324036,0.49553418159484863,0.40765923261642456,-0.12258174270391464,0.8840740919113159,0.4246590733528137,0.41234534978866577,-0.030741730704903603,0.7964262962341309,0.47645244002342224,0.45268678665161133,-0.2546888589859009,0.8403154015541077,0.4100430905818939,0.4551009237766266,-0.1805826723575592,0.8122672438621521,0.4754352569580078,0.46917158365249634,-0.2986011505126953,0.7773883938789368,0.40831929445266724,0.46852579712867737,-0.21494527161121368,0.7583460211753845,0.4708462655544281,0.46691054105758667,-0.31629687547683716,0.7813810110092163,0.41069158911705017,0.466198593378067,-0.24608063697814941,0.7646122574806213,0.4688180387020111,0.46074169874191284,-0.26467010378837585,0.7469371557235718,0.40519437193870544,0.45704203844070435,-0.1963907778263092,0.7382717728614807,0.5088015794754028,0.4714103639125824,-0.018943732604384422,0.9998181462287903,0.4585736393928528,0.47788724303245544,0.01897038333117962,0.9998289942741394,0.5278514623641968,0.5789864659309387,-0.03840727359056473,0.9922465682029724,0.42577630281448364,0.5870903730392456,0.004333076532930136,0.9912484884262085,0.5474018454551697,0.6742264628410339,0.1144646629691124,0.9890588521957397,0.38370540738105774,0.6831973791122437,0.138325497508049,0.9909108281135559,0.5458701252937317,0.6883502006530762,0.12125276029109955,0.866050124168396,0.38543039560317993,0.6998277306556702,0.14389662444591522,0.8937516212463379,0.5490440130233765,0.7142652273178101,-0.012818833813071251,0.9784853458404541,0.35532239079475403,0.7181625366210938,0.019224664196372032,0.9810228943824768
173,0.43661683797836304,0.2886804938316345,-0.3655259311199188,0.9996094703674316,0.4414505362510681,0.28047728538513184,-0.3519810140132904,0.9993435740470886,0.4460609555244446,0.2797899842262268,-0.35205063223838806,0.9990997314453125,0.449640691280365,0.2792418599128723,-0.35208070278167725,0.9991908669471741,0.4326222538948059,0.2814379930496216,-0.35000208020210266,0.999358594417572,0.4307512640953064,0.2816372811794281,-0.3500964343547821,0.9992362856864929,0.42883071303367615,0.28196951746940613,-0.3501225411891937,0.9993100762367249,0.456940233707428,0.2832191586494446,-0.23818263411521912,0.9981552362442017,0.4266328811645508,0.2868536710739136,-0.2302393615245819,0.9984189867973328,0.44544559717178345,0.29791539907455444,-0.31938380002975464,0.9988977313041687,0.43350082635879517,0.2983245551586151,-0.31707704067230225,0.9988341927528381,0.4982958734035492,0.32762622833251953,-0.15398257970809937,0.9988765716552734,0.4109611511230469,0.34748518466949463,-0.1285950243473053,0.9992807507514954,0.5107478499412537,0.41373157501220703,-0.15501612424850464,0.8826305866241455,0.41447633504867554,0.4199308753013611,-0.14087863266468048,0.8016449213027954,0.4894598126411438,0.4616429805755615,-0.29426485300064087,0.8330101370811462,0.445260614156723,0.4560035765171051,-0.288728803396225,0.8008659482002258,0.48724088072776794,0.47997838258743286,-0.3401889503002167,0.770087480545044,0.45163655281066895,0.47221237421035767,-0.3290897309780121,0.7454949021339417,0.4804796278476715,0.47642841935157776,-0.36024999618530273,0.7744587063789368,0.4477429986000061,0.4638219475746155,-0.3535931408405304,0.7525005340576172,0.47870612144470215,0.46962904930114746,-0.304830938577652,0.7394370436668396,0.4473135471343994,0.4572823643684387,-0.30067336559295654,0.726186990737915,0.5115290284156799,0.4712323248386383,-0.007148765027523041,0.9998270869255066,0.4592331051826477,0.47906580567359924,0.007179601583629847,0.9998340606689453,0.5312758684158325,0.5834607481956482,-0.023394478484988213,0.9918339848518372,0.42741742730140686,0.5904318690299988,-0.008554726839065552,0.9905328154563904,0.5468777418136597,0.672759473323822,0.14536523818969727,0.9877008199691772,0.38181695342063904,0.687248945236206,0.13605162501335144,0.9901942610740662,0.5443947911262512,0.6893925666809082,0.15411026775836945,0.86046302318573,0.38150492310523987,0.7030901908874512,0.14284580945968628,0.8868721723556519,0.550862729549408,0.714912474155426,0.016854461282491684,0.9769778251647949,0.35582447052001953,0.7202122807502747,0.010413503274321556,0.9800616502761841
174,0.4348834156990051,0.2899584472179413,-0.33173900842666626,0.9995822906494141,0.4405796527862549,0.2817547917366028,-0.3194209635257721,0.999313235282898,0.44407644867897034,0.28148016333580017,-0.3195037841796875,0.999065637588501,0.4491317868232727,0.2833895683288574,-0.3195379078388214,0.9991641044616699,0.431896448135376,0.2821488678455353,-0.31402891874313354,0.9993330240249634,0.4298795759677887,0.28220444917678833,-0.3141297996044159,0.9992123246192932,0.4268471598625183,0.28259581327438354,-0.31415677070617676,0.9992865920066833,0.45525234937667847,0.2857484817504883,-0.21466121077537537,0.9980927109718323,0.42678841948509216,0.28903570771217346,-0.19107477366924286,0.9983645677566528,0.4447878897190094,0.29885488748550415,-0.28961804509162903,0.9989230632781982,0.4331449568271637,0.29901954531669617,-0.2827584147453308,0.9988555908203125,0.49818211793899536,0.3301226496696472,-0.15100181102752686,0.9989745616912842,0.4126647412776947,0.34954196214675903,-0.08787230402231216,0.9993308186531067,0.5103777050971985,0.4060018062591553,-0.17740321159362793,0.884416937828064,0.4206133484840393,0.4224640429019928,-0.1048012375831604,0.7974479794502258,0.48636025190353394,0.46036607027053833,-0.32982760667800903,0.8294735550880432,0.44611963629722595,0.4566877484321594,-0.2709764838218689,0.7824191451072693,0.48290449380874634,0.4785599708557129,-0.3808281719684601,0.7655557990074158,0.4514070153236389,0.47211021184921265,-0.3117792308330536,0.7265163660049438,0.47549018263816833,0.4748939573764801,-0.3956301510334015,0.76996910572052,0.4553597569465637,0.4667256474494934,-0.3381432592868805,0.7342609167098999,0.4743264317512512,0.46836668252944946,-0.33871808648109436,0.7337437868118286,0.4553770124912262,0.46032625436782837,-0.28450849652290344,0.7077681422233582,0.5117623209953308,0.4754812717437744,-0.019625527784228325,0.9998387694358826,0.4591883718967438,0.4838676452636719,0.019644109532237053,0.9998411536216736,0.5298722386360168,0.5854547619819641,-0.04223732650279999,0.991430938243866,0.42528337240219116,0.5905726552009583,-0.0027809590101242065,0.9893143177032471,0.5445457696914673,0.679823637008667,0.11508840322494507,0.9867295622825623,0.38534754514694214,0.6846374869346619,0.1440015584230423,0.9890248775482178,0.5447330474853516,0.6940721273422241,0.12228353321552277,0.8561712503433228,0.39007171988487244,0.6991541385650635,0.15106183290481567,0.8803766965866089,0.5498472452163696,0.7203426361083984,-0.01960708573460579,0.9758623838424683,0.3524383306503296,0.717731237411499,0.022825295105576515,0.9786550402641296
175,0.4333997368812561,0.2977253496646881,-0.2987710237503052,0.9995503425598145,0.43910402059555054,0.29112982749938965,-0.2890772819519043,0.9992600083351135,0.4426257610321045,0.2904855012893677,-0.2891615331172943,0.9989995956420898,0.44595417380332947,0.28974828124046326,-0.289188027381897,0.9991158843040466,0.4303157329559326,0.2898035943508148,-0.2821534276008606,0.9992751479148865,0.427468866109848,0.28992414474487305,-0.2822042405605316,0.9991439580917358,0.4258185029029846,0.2897493839263916,-0.2822173237800598,0.999225378036499,0.4534139633178711,0.2890588641166687,-0.1968449056148529,0.9979162216186523,0.42627888917922974,0.2935187816619873,-0.16546054184436798,0.9982079267501831,0.44356632232666016,0.3051588833332062,-0.2610679268836975,0.9989206790924072,0.431449830532074,0.307084858417511,-0.25192439556121826,0.9988391995429993,0.4975859522819519,0.3291434049606323,-0.1396586149930954,0.9990648031234741,0.4107721447944641,0.3443850874900818,-0.07669463008642197,0.9993808269500732,0.5032232403755188,0.4005618691444397,-0.1715264618396759,0.8891977071762085,0.4228714108467102,0.41519445180892944,-0.09038752317428589,0.8050248026847839,0.48983556032180786,0.4582067131996155,-0.31513503193855286,0.8358172178268433,0.451310396194458,0.45072001218795776,-0.24658611416816711,0.7857307195663452,0.49371832609176636,0.4809512495994568,-0.3653261363506317,0.7725127935409546,0.4625573754310608,0.4716970920562744,-0.28709110617637634,0.7286315560340881,0.4776720404624939,0.47240105271339417,-0.3822912275791168,0.7769514918327332,0.4630948007106781,0.4645567834377289,-0.30983003973960876,0.7365689873695374,0.4784314036369324,0.4683651328086853,-0.3248523771762848,0.7411383986473083,0.46229949593544006,0.4570915102958679,-0.2585349380970001,0.7097293734550476,0.5100222826004028,0.4732533097267151,-0.018346764147281647,0.9998456835746765,0.45747485756874084,0.48173803091049194,0.01832856796681881,0.999840259552002,0.527969479560852,0.5802648663520813,-0.043132711201906204,0.9911472797393799,0.42854374647140503,0.5889220237731934,0.01428957562893629,0.9885340929031372,0.5455440878868103,0.6804256439208984,0.09383049607276917,0.9864367842674255,0.3835938572883606,0.6830169558525085,0.15442223846912384,0.9880829453468323,0.5431057810783386,0.693169116973877,0.09941128641366959,0.8519943356513977,0.38631993532180786,0.695205807685852,0.16116055846214294,0.8688487410545349,0.5546197891235352,0.7189629673957825,-0.03838686645030975,0.9754332304000854,0.35953256487846375,0.7169538736343384,0.03901602700352669,0.9772567749023438
176,0.4342002272605896,0.294297993183136,-0.2695278525352478,0.9995430111885071,0.43913325667381287,0.2853717803955078,-0.25858795642852783,0.9992469549179077,0.4422692358493805,0.28480952978134155,-0.25867074728012085,0.9989855885505676,0.4453142285346985,0.2841286063194275,-0.2586970627307892,0.9991092085838318,0.43148717284202576,0.2861346900463104,-0.25274771451950073,0.9992571473121643,0.4287155568599701,0.2863474488258362,-0.25279712677001953,0.999121367931366,0.4272158741950989,0.2862369418144226,-0.25279557704925537,0.9992042779922485,0.45265650749206543,0.28655576705932617,-0.16471868753433228,0.9978742599487305,0.4276430010795593,0.2903968095779419,-0.13816462457180023,0.9981531500816345,0.4422587752342224,0.30270522832870483,-0.2315562665462494,0.9989541172981262,0.4317607283592224,0.30381327867507935,-0.2238089144229889,0.9988664388656616,0.4952448010444641,0.32617196440696716,-0.11289358139038086,0.999148964881897,0.4120129942893982,0.3441529870033264,-0.05692647024989128,0.9994266033172607,0.5002653002738953,0.39977583289146423,-0.14850865304470062,0.8936653733253479,0.4245489537715912,0.4146103262901306,-0.0802091583609581,0.8113399744033813,0.49267110228538513,0.4569321274757385,-0.3029121458530426,0.8419087529182434,0.4486871659755707,0.45653319358825684,-0.24647156894207,0.7887242436408997,0.49352335929870605,0.47951334714889526,-0.3544585704803467,0.7795672416687012,0.455598920583725,0.4745148718357086,-0.28889432549476624,0.7308135032653809,0.4810648560523987,0.4764081835746765,-0.3717432916164398,0.7841076254844666,0.4590763449668884,0.46541494131088257,-0.31162941455841064,0.7389411330223083,0.4798658490180969,0.4672626554965973,-0.3132631480693817,0.7489681839942932,0.4585247039794922,0.45786985754966736,-0.25881943106651306,0.7117229700088501,0.5093358755111694,0.47396135330200195,-0.017380718141794205,0.9998542666435242,0.4576374590396881,0.48216503858566284,0.017354238778352737,0.9998447299003601,0.5291650295257568,0.583122968673706,-0.03922300785779953,0.9909345507621765,0.42806753516197205,0.5909254550933838,0.01712588593363762,0.9879262447357178,0.5469838380813599,0.6773009896278381,0.11141301691532135,0.986081600189209,0.3819483518600464,0.6824725866317749,0.1624201238155365,0.9874102473258972,0.5432227849960327,0.6922131180763245,0.11848701536655426,0.8477561473846436,0.38197433948516846,0.6963180303573608,0.1695014089345932,0.8604188561439514,0.5506053566932678,0.714457631111145,-0.016172543168067932,0.9749033451080322,0.36059343814849854,0.7167313694953918,0.04712769761681557,0.9762020707130432
177,0.42207473516464233,0.28547030687332153,-0.3459669351577759,0.9994687438011169,0.42674121260643005,0.27670592069625854,-0.3400954008102417,0.999115526676178,0.42963480949401855,0.2760441303253174,-0.3401532471179962,0.9988235831260681,0.4323956072330475,0.2752753496170044,-0.34017205238342285,0.9989744424819946,0.4193640351295471,0.27769985795021057,-0.3287278115749359,0.9991322159767151,0.41651812195777893,0.27782487869262695,-0.3288140594959259,0.9989818930625916,0.415105402469635,0.27775436639785767,-0.3288336396217346,0.9990725517272949,0.4426972270011902,0.2788490056991577,-0.2567351758480072,0.9975233674049377,0.41778868436813354,0.28235578536987305,-0.2050371617078781,0.9978037476539612,0.4330716133117676,0.29302287101745605,-0.31082189083099365,0.998894453048706,0.42300525307655334,0.2943952977657318,-0.295766144990921,0.9987773895263672,0.48840808868408203,0.32251912355422974,-0.19360391795635223,0.9992213249206543,0.41289249062538147,0.34232133626937866,-0.08950643986463547,0.9994655251502991,0.5033438205718994,0.39535701274871826,-0.19813361763954163,0.8962447643280029,0.42268115282058716,0.40807047486305237,-0.06339190900325775,0.8055808544158936,0.4878072142601013,0.44491133093833923,-0.3014685809612274,0.8397323489189148,0.4612654745578766,0.45250529050827026,-0.18342529237270355,0.7722958326339722,0.48760706186294556,0.46228986978530884,-0.34648996591567993,0.7769680619239807,0.47095876932144165,0.4712570607662201,-0.21524743735790253,0.7126854658126831,0.4812285304069519,0.46048250794410706,-0.3645361661911011,0.7814431190490723,0.47595301270484924,0.46672606468200684,-0.24328355491161346,0.7207800149917603,0.47918862104415894,0.45410817861557007,-0.30990979075431824,0.7453645467758179,0.4742530882358551,0.45873957872390747,-0.1963549703359604,0.6927922964096069,0.5089950561523438,0.4636732041835785,-0.03318621590733528,0.9998597502708435,0.45948657393455505,0.46903905272483826,0.033159367740154266,0.9998456835746765,0.523426353931427,0.578799307346344,-0.059633128345012665,0.990386426448822,0.4295826554298401,0.5793941617012024,0.004942459519952536,0.9868462681770325,0.5483582019805908,0.682928204536438,0.06286873668432236,0.9855141639709473,0.3791133761405945,0.6797378063201904,0.12256114184856415,0.9858537912368774,0.5477477312088013,0.701511561870575,0.06652046740055084,0.8442514538764954,0.37823235988616943,0.6943033933639526,0.12685951590538025,0.8554579019546509,0.547601580619812,0.7146967053413391,-0.07793828845024109,0.9737803936004639,0.35697758197784424,0.7147493958473206,0.0027149508241564035,0.9738479852676392
178,0.42645254731178284,0.29094865918159485,-0.3835606575012207,0.9993792176246643,0.4316045641899109,0.2821460962295532,-0.37603268027305603,0.9989862442016602,0.43452173471450806,0.28126341104507446,-0.37605732679367065,0.9986640810966492,0.4395105838775635,0.2795732617378235,-0.37606003880500793,0.9988383650779724,0.42329972982406616,0.28342700004577637,-0.36951592564582825,0.9990150928497314,0.4214772582054138,0.2834250032901764,-0.3696152865886688,0.9988512396812439,0.41829848289489746,0.28366607427597046,-0.3696499764919281,0.9989488124847412,0.44752222299575806,0.27833569049835205,-0.27882254123687744,0.9971535801887512,0.4187120795249939,0.285543829202652,-0.24903181195259094,0.9975639581680298,0.437691867351532,0.29752838611602783,-0.34206125140190125,0.998828649520874,0.4268888533115387,0.29986572265625,-0.33340173959732056,0.9986912608146667,0.49308839440345764,0.31204769015312195,-0.19093936681747437,0.9992827773094177,0.41171520948410034,0.33957815170288086,-0.1376427412033081,0.9994968175888062,0.5065524578094482,0.3914225399494171,-0.18912358582019806,0.8942596316337585,0.42426806688308716,0.40676775574684143,-0.12898963689804077,0.8060742616653442,0.4917401373386383,0.4413565695285797,-0.30475544929504395,0.8339698314666748,0.466580331325531,0.4460008144378662,-0.2526454031467438,0.7592582106590271,0.49193987250328064,0.45962196588516235,-0.34790685772895813,0.7724890112876892,0.4770759046077728,0.46361619234085083,-0.2880277633666992,0.6993063688278198,0.4849647581577301,0.45733967423439026,-0.3680848479270935,0.7770746350288391,0.48229193687438965,0.4578169882297516,-0.31331273913383484,0.7076506614685059,0.4840988516807556,0.4492669701576233,-0.31429052352905273,0.7405044436454773,0.48019957542419434,0.4503147006034851,-0.2641870379447937,0.6796685457229614,0.5106388926506042,0.46020063757896423,-0.015683049336075783,0.9998586177825928,0.4599913954734802,0.46600085496902466,0.015660759061574936,0.9998315572738647,0.523851215839386,0.5764313340187073,-0.045749347656965256,0.9890101552009583,0.4314037263393402,0.5766233205795288,-0.020676476880908012,0.9841523766517639,0.5460396409034729,0.6816208362579346,0.05355975031852722,0.9840220212936401,0.38171863555908203,0.6773824095726013,0.08018267154693604,0.983063280582428,0.5461563467979431,0.7014904022216797,0.05508854240179062,0.8396322727203369,0.3825909197330475,0.6903815865516663,0.08298919349908829,0.8438163995742798,0.5493438839912415,0.7208107709884644,-0.09045273065567017,0.9717915058135986,0.3614734709262848,0.7157566547393799,-0.045685775578022,0.9702884554862976
179,0.43204760551452637,0.2821900248527527,-0.17891672253608704,0.9993901252746582,0.4353354871273041,0.27276116609573364,-0.16254782676696777,0.9990242123603821,0.4371403753757477,0.2721003293991089,-0.16261903941631317,0.9987139701843262,0.43886250257492065,0.2711683511734009,-0.16265754401683807,0.9988725781440735,0.42767685651779175,0.2740476131439209,-0.1726495623588562,0.999058187007904,0.4259492754936218,0.2739933431148529,-0.1727505773305893,0.9989067316055298,0.42122822999954224,0.27440428733825684,-0.1728031486272812,0.998989462852478,0.44444137811660767,0.2751975357532501,-0.05970842391252518,0.9972777962684631,0.41549739241600037,0.280971884727478,-0.1024567112326622,0.9977236986160278,0.44150376319885254,0.29024964570999146,-0.13755738735198975,0.9988940358161926,0.431872695684433,0.29274091124534607,-0.14990240335464478,0.9987583160400391,0.48196515440940857,0.3239814043045044,0.018538514152169228,0.9993354082107544,0.4143773913383484,0.3378216326236725,-0.11587183177471161,0.9995195865631104,0.5050734877586365,0.38386258482933044,-0.00897590909153223,0.8496732115745544,0.4482573866844177,0.38194817304611206,-0.24928560853004456,0.8196133971214294,0.4977509081363678,0.41781291365623474,-0.13311289250850677,0.7968810200691223,0.482578843832016,0.37177664041519165,-0.3910461962223053,0.7677063345909119,0.5003786087036133,0.4308246970176697,-0.16634254157543182,0.7378419041633606,0.4915725588798523,0.3746018707752228,-0.4420085549354553,0.7074625492095947,0.49485644698143005,0.4291457235813141,-0.18444274365901947,0.7428943514823914,0.48960065841674805,0.3711369037628174,-0.44335412979125977,0.7143115997314453,0.4922831654548645,0.4249626696109772,-0.14443127810955048,0.7092041373252869,0.4877149164676666,0.3710997998714447,-0.3948482871055603,0.6852114200592041,0.5042389631271362,0.4760424494743347,0.02929607965052128,0.9998704195022583,0.4615631699562073,0.4814813733100891,-0.029238451272249222,0.9998413920402527,0.5242224335670471,0.585547685623169,0.02015012502670288,0.9868565797805786,0.4278281331062317,0.5894677042961121,-0.017850298434495926,0.9823386073112488,0.5445514917373657,0.6849977374076843,0.12956470251083374,0.9828129410743713,0.3783097267150879,0.6798593997955322,0.10008208453655243,0.9822960495948792,0.5408901572227478,0.7053532004356384,0.13219000399112701,0.8415887355804443,0.374424010515213,0.691811203956604,0.10500113666057587,0.8445185422897339,0.5548495054244995,0.713454008102417,0.0014267904916778207,0.9704768061637878,0.36655282974243164,0.7126601934432983,-0.015769289806485176,0.9700157642364502
180,0.431080162525177,0.29640111327171326,-0.2626023292541504,0.9993412494659424,0.433413565158844,0.2862918972969055,-0.2548852562904358,0.9989497661590576,0.43686017394065857,0.28482335805892944,-0.25498297810554504,0.9986360669136047,0.43978267908096313,0.2833147644996643,-0.2550603747367859,0.998809278011322,0.42577314376831055,0.2881479263305664,-0.24724319577217102,0.9989580512046814,0.423911988735199,0.2880733013153076,-0.2473122626543045,0.9987847208976746,0.4220544695854187,0.287949800491333,-0.24732646346092224,0.9988638162612915,0.44779688119888306,0.28120383620262146,-0.17235159873962402,0.9970922470092773,0.4232456088066101,0.28815871477127075,-0.13529841601848602,0.9974206686019897,0.440944105386734,0.30239546298980713,-0.22830843925476074,0.9988605380058289,0.43097347021102905,0.3056623935699463,-0.21756911277770996,0.9986481070518494,0.49576693773269653,0.3141448497772217,-0.11637307703495026,0.999387264251709,0.41408437490463257,0.3379312753677368,-0.05666575953364372,0.9995207786560059,0.512172281742096,0.38739290833473206,-0.13760270178318024,0.8548452854156494,0.43433088064193726,0.4083006978034973,-0.0639566108584404,0.8098165988922119,0.5157746076583862,0.43497857451438904,-0.2702794075012207,0.8009029030799866,0.45242661237716675,0.4495377540588379,-0.21331730484962463,0.7595221996307373,0.520431399345398,0.45569485425949097,-0.31317105889320374,0.7419277429580688,0.45697468519210815,0.4665695130825043,-0.251554012298584,0.6995679140090942,0.515745222568512,0.4529338479042053,-0.3380676209926605,0.747673511505127,0.4613143801689148,0.46111568808555603,-0.2750551700592041,0.7069721221923828,0.5083786845207214,0.4464830458164215,-0.2831105589866638,0.7148128151893616,0.4618304371833801,0.4541282057762146,-0.226120263338089,0.6771327257156372,0.509389340877533,0.47641777992248535,-0.024013539776206017,0.9998685121536255,0.45953455567359924,0.4827498495578766,0.02403859607875347,0.9998220205307007,0.5309357047080994,0.5824504494667053,-0.0642610564827919,0.9871931076049805,0.4309190809726715,0.5910784006118774,0.08960194140672684,0.9823042154312134,0.5479419827461243,0.6827315092086792,0.09116829931735992,0.9835295081138611,0.3793273866176605,0.6795006394386292,0.2875591814517975,0.9819610118865967,0.5456442832946777,0.6946691274642944,0.0984133929014206,0.8424837589263916,0.37567365169525146,0.6900716423988342,0.2997457683086395,0.841282844543457,0.5534903407096863,0.7162729501724243,-0.04929147660732269,0.9714096188545227,0.36236923933029175,0.7162164449691772,0.18522916734218597,0.9694706797599792
181,0.4258115887641907,0.2751356065273285,-0.28316211700439453,0.9993544816970825,0.4286091923713684,0.2668524980545044,-0.2756584882736206,0.998976469039917,0.4340280592441559,0.2658059298992157,-0.2757726311683655,0.9986757636070251,0.43636399507522583,0.26494935154914856,-0.27583011984825134,0.9988455176353455,0.42294448614120483,0.26784998178482056,-0.26748281717300415,0.9989668130874634,0.41927728056907654,0.26815375685691833,-0.26755595207214355,0.9987866282463074,0.4177418649196625,0.2681901454925537,-0.26756182312965393,0.9988585710525513,0.4449775815010071,0.2697036862373352,-0.1894351691007614,0.9971674680709839,0.41937845945358276,0.27553004026412964,-0.15065322816371918,0.9974093437194824,0.43574053049087524,0.28353285789489746,-0.24718208611011505,0.9988844990730286,0.4259397089481354,0.2859031558036804,-0.23586991429328918,0.9986459016799927,0.4909467101097107,0.3088870048522949,-0.13864968717098236,0.9994320273399353,0.4109116494655609,0.33556556701660156,-0.06497661769390106,0.9994977712631226,0.5128334164619446,0.38114094734191895,-0.23145046830177307,0.86025470495224,0.42720168828964233,0.40074658393859863,-0.08228696137666702,0.785525381565094,0.5127116441726685,0.419607937335968,-0.4505355954170227,0.8084649443626404,0.43649572134017944,0.4455977976322174,-0.24232253432273865,0.7406571507453918,0.5184727907180786,0.4333743155002594,-0.511461615562439,0.7515019178390503,0.43655532598495483,0.4644351601600647,-0.28117308020591736,0.6830081343650818,0.5110818147659302,0.4326110780239105,-0.5259880423545837,0.7576498985290527,0.43977469205856323,0.4619118571281433,-0.31438156962394714,0.6917468309402466,0.5043671131134033,0.4294012486934662,-0.46242183446884155,0.7252676486968994,0.4422948956489563,0.45426613092422485,-0.25962144136428833,0.6620991826057434,0.5130926966667175,0.4686698317527771,-0.022759638726711273,0.9998748302459717,0.4608921408653259,0.47768741846084595,0.022727148607373238,0.9998264312744141,0.5289350748062134,0.5854095220565796,-0.004008542746305466,0.9869635105133057,0.4303082823753357,0.5907084941864014,0.056334543973207474,0.9822842478752136,0.5456026196479797,0.6874316930770874,0.1772637963294983,0.9833718538284302,0.378754585981369,0.6788186430931091,0.24024264514446259,0.9815876483917236,0.5430442690849304,0.6992563009262085,0.18649543821811676,0.8386055827140808,0.37564587593078613,0.6883646249771118,0.2508145570755005,0.8381351828575134,0.5524887442588806,0.7172715663909912,0.041822101920843124,0.9711177349090576,0.36329934000968933,0.7184908986091614,0.12803788483142853,0.9688369631767273
182,0.42714348435401917,0.27672985196113586,-0.26746106147766113,0.9993303418159485,0.4297330975532532,0.2684880793094635,-0.2585005462169647,0.9989396929740906,0.4319473206996918,0.2675952911376953,-0.2585888206958771,0.9986305236816406,0.43667393922805786,0.26587116718292236,-0.25863200426101685,0.9988116025924683,0.42217713594436646,0.2701137661933899,-0.25231966376304626,0.9989292621612549,0.4206075668334961,0.27012744545936584,-0.2524142861366272,0.9987456798553467,0.4189714789390564,0.2700161337852478,-0.25242137908935547,0.998816192150116,0.4418002963066101,0.27015358209609985,-0.16846083104610443,0.9970872402191162,0.4179415702819824,0.27699559926986694,-0.13942615687847137,0.9972991347312927,0.4340502619743347,0.2848130464553833,-0.23012423515319824,0.9988661408424377,0.42511314153671265,0.2870437502861023,-0.22159722447395325,0.998603105545044,0.4864169955253601,0.30899548530578613,-0.10951097309589386,0.9994733929634094,0.409020334482193,0.3333636522293091,-0.05479341000318527,0.9995078444480896,0.5141392946243286,0.3831092417240143,-0.13959276676177979,0.863065242767334,0.42927175760269165,0.40297192335128784,-0.07834628224372864,0.7713618874549866,0.5259970426559448,0.42798319458961487,-0.306604266166687,0.8117396235466003,0.44019627571105957,0.4402497410774231,-0.2567806541919708,0.7296199202537537,0.5347769856452942,0.4430447518825531,-0.3567579686641693,0.7560495138168335,0.4408959746360779,0.45673269033432007,-0.29962846636772156,0.6744332313537598,0.5235171318054199,0.4424232840538025,-0.3823966979980469,0.7630652785301208,0.44354337453842163,0.4528837203979492,-0.33092907071113586,0.6842730045318604,0.519280195236206,0.4359501004219055,-0.32128629088401794,0.7315245270729065,0.4458006024360657,0.44598501920700073,-0.2736009359359741,0.654776394367218,0.5109851360321045,0.46395930647850037,-0.02056681364774704,0.9998801946640015,0.4626302123069763,0.4743296504020691,0.02054583840072155,0.9998302459716797,0.5277272462844849,0.5812659859657288,-0.0321461521089077,0.9864248633384705,0.43194904923439026,0.5898281931877136,0.04186387360095978,0.9811064600944519,0.5441684722900391,0.6846737265586853,0.11325786262750626,0.9829483032226562,0.3783232569694519,0.6800137162208557,0.19101767241954803,0.9804753065109253,0.542344868183136,0.6953777074813843,0.11888884007930756,0.8350641131401062,0.3728489875793457,0.6904703974723816,0.1979101449251175,0.8337607979774475,0.5473564267158508,0.7166687250137329,-0.025708258152008057,0.9704036712646484,0.3628556430339813,0.7182588577270508,0.07404736429452896,0.9673172831535339
183,0.426089346408844,0.2767024636268616,-0.2798963487148285,0.9992961287498474,0.42586928606033325,0.2677408456802368,-0.2704974114894867,0.9988847374916077,0.4287385940551758,0.26642942428588867,-0.27057185769081116,0.9985564947128296,0.43095678091049194,0.26504451036453247,-0.2706378698348999,0.998763918876648,0.42048293352127075,0.27216285467147827,-0.2659808397293091,0.998883068561554,0.419014036655426,0.2720978260040283,-0.2660766541957855,0.9987021684646606,0.417504221200943,0.271994411945343,-0.26610642671585083,0.9987826943397522,0.4374053478240967,0.2670382559299469,-0.17839476466178894,0.9970048069953918,0.4188007712364197,0.2738744616508484,-0.15603521466255188,0.9972299337387085,0.433118999004364,0.28325948119163513,-0.24206510186195374,0.9988510608673096,0.4254217743873596,0.2863166928291321,-0.2354549914598465,0.9985656142234802,0.48963481187820435,0.3067266345024109,-0.09494584798812866,0.9995099902153015,0.41089048981666565,0.3317776322364807,-0.07721413671970367,0.9995272159576416,0.5164375305175781,0.3761789798736572,-0.0693511962890625,0.8656752109527588,0.43403688073158264,0.40064939856529236,-0.09056509286165237,0.7649214267730713,0.5497453808784485,0.419543981552124,-0.1869632601737976,0.8147109746932983,0.4257427155971527,0.4254566729068756,-0.26031699776649475,0.7243249416351318,0.5634244680404663,0.42990559339523315,-0.2203383445739746,0.7600160837173462,0.4239939749240875,0.43697959184646606,-0.30177757143974304,0.6714382767677307,0.5615994930267334,0.43029913306236267,-0.2598935663700104,0.768433153629303,0.4244849681854248,0.4316645562648773,-0.3302232027053833,0.6823890209197998,0.5523132681846619,0.42845049500465393,-0.2057858407497406,0.7386676669120789,0.42746272683143616,0.42663097381591797,-0.2756621837615967,0.6532779335975647,0.5069128274917603,0.46853071451187134,-0.008253281004726887,0.9998790621757507,0.46331971883773804,0.47638756036758423,0.008223623037338257,0.9998234510421753,0.5265447497367859,0.5858088731765747,-0.00308414944447577,0.9857023358345032,0.4289473593235016,0.5892246961593628,0.02454299107193947,0.9807484149932861,0.5421263575553894,0.6800070405006409,0.15867610275745392,0.9822207689285278,0.37645620107650757,0.6790214776992798,0.16385722160339355,0.9800029397010803,0.540316104888916,0.6958510875701904,0.1662544310092926,0.8324537873268127,0.37281012535095215,0.6887733340263367,0.1694822758436203,0.8315129280090332,0.5551356673240662,0.7147399187088013,0.03469041734933853,0.9690542817115784,0.3624337911605835,0.7176693677902222,0.04565707966685295,0.9664762020111084
184,0.42430049180984497,0.2767910659313202,-0.2657080292701721,0.9992836117744446,0.42599430680274963,0.26675307750701904,-0.2567354738712311,0.998860776424408,0.4283139109611511,0.26564860343933105,-0.2568012773990631,0.998529314994812,0.4305860102176666,0.26424258947372437,-0.25686439871788025,0.998750627040863,0.420156329870224,0.2706240713596344,-0.2524797320365906,0.9988617300987244,0.41844597458839417,0.2704141139984131,-0.25258249044418335,0.9986827969551086,0.41574472188949585,0.2702590823173523,-0.2526083290576935,0.9987673759460449,0.4377013146877289,0.2659520208835602,-0.16561855375766754,0.996981143951416,0.4174090325832367,0.27246174216270447,-0.14439666271209717,0.9971871972084045,0.43332451581954956,0.28385016322135925,-0.22797389328479767,0.9988490343093872,0.4252273440361023,0.28655004501342773,-0.22169622778892517,0.9985337257385254,0.4915449023246765,0.30681124329566956,-0.08372203260660172,0.9995447397232056,0.41104379296302795,0.3300466537475586,-0.06488974392414093,0.9995427131652832,0.5227508544921875,0.3787674605846405,-0.04912146180868149,0.8669800162315369,0.4345473647117615,0.4015115797519684,-0.061622507870197296,0.7574217915534973,0.5521399974822998,0.42268043756484985,-0.15503205358982086,0.8157037496566772,0.4286728799343109,0.43011122941970825,-0.20855335891246796,0.7175865173339844,0.5667730569839478,0.4344579577445984,-0.1850275844335556,0.7619792819023132,0.4268445372581482,0.44358962774276733,-0.24600987136363983,0.6664562225341797,0.565808892250061,0.4408760070800781,-0.22528913617134094,0.7717192769050598,0.42756232619285583,0.4394070506095886,-0.27557215094566345,0.6783643960952759,0.5577167868614197,0.436087429523468,-0.17348510026931763,0.7436766028404236,0.4307571351528168,0.43358874320983887,-0.22369131445884705,0.6496721506118774,0.5092387199401855,0.4678892493247986,-0.010148716159164906,0.9998756051063538,0.4628415107727051,0.4765284061431885,0.010113858617842197,0.9998152256011963,0.5263863205909729,0.5845500826835632,-0.00022775636170990765,0.9852369427680969,0.4305683970451355,0.5874453783035278,0.025288108736276627,0.9806378483772278,0.5439937710762024,0.6866583228111267,0.15694811940193176,0.98186856508255,0.37683823704719543,0.6779645085334778,0.16794408857822418,0.9797372817993164,0.5409556031227112,0.6985687017440796,0.1641453355550766,0.8307784795761108,0.3717311918735504,0.690861701965332,0.1740148812532425,0.8308374881744385,0.5541220903396606,0.7162936329841614,0.029496293514966965,0.9683390259742737,0.36379921436309814,0.7161939144134521,0.0503133162856102,0.9660358428955078
185,0.4336938261985779,0.2861172556877136,-0.16737720370292664,0.9993278384208679,0.4334539771080017,0.27816951274871826,-0.1531592160463333,0.9989285469055176,0.43690815567970276,0.27668237686157227,-0.15320071578025818,0.9986099004745483,0.4389941096305847,0.27546918392181396,-0.15321539342403412,0.9988182187080383,0.4268501400947571,0.28031980991363525,-0.15810780227184296,0.9989339709281921,0.425407350063324,0.28053516149520874,-0.15824387967586517,0.9987640380859375,0.4239560067653656,0.28075191378593445,-0.15827630460262299,0.9988419413566589,0.44224461913108826,0.2761937975883484,-0.0548749640583992,0.9971435070037842,0.4251280426979065,0.28408393263816833,-0.07420246303081512,0.9973763823509216,0.44263726472854614,0.29002711176872253,-0.128147691488266,0.998914897441864,0.43449458479881287,0.2933127284049988,-0.1336212158203125,0.9986115097999573,0.4877311587333679,0.3149349093437195,0.01691156066954136,0.9995750188827515,0.41734689474105835,0.33090484142303467,-0.07352518290281296,0.9995649456977844,0.5198199152946472,0.3714435398578644,-0.022118058055639267,0.8526600003242493,0.44706615805625916,0.36909019947052,-0.2252792865037918,0.7758079171180725,0.5529770255088806,0.3843534588813782,-0.15230897068977356,0.8115885257720947,0.48068270087242126,0.3327113091945648,-0.3928740620613098,0.7369274497032166,0.5682011246681213,0.3860914409160614,-0.18035578727722168,0.7578727602958679,0.4889453947544098,0.32650211453437805,-0.44021177291870117,0.6848240494728088,0.5669982433319092,0.3847346007823944,-0.20210298895835876,0.7674490809440613,0.48579317331314087,0.3231627941131592,-0.4360085427761078,0.6944859027862549,0.5549744367599487,0.3847787082195282,-0.1649450957775116,0.7408244609832764,0.4851190447807312,0.3262197971343994,-0.3953776955604553,0.6638635993003845,0.5076380968093872,0.4683454632759094,0.016343943774700165,0.9998816251754761,0.4616279602050781,0.4763273596763611,-0.016401497647166252,0.9998210072517395,0.5236367583274841,0.5834103226661682,0.015820255503058434,0.9844930171966553,0.4288864731788635,0.5850688815116882,-0.011799856089055538,0.9807320237159729,0.5441564917564392,0.6802833676338196,0.1602347046136856,0.9815289378166199,0.3779931664466858,0.6770073175430298,0.11510282754898071,0.9799172878265381,0.5425341725349426,0.6938921213150024,0.1667766571044922,0.8336183428764343,0.3748421370983124,0.688060462474823,0.12053851783275604,0.8337507843971252,0.5566864609718323,0.712805986404419,0.040804218500852585,0.9677793979644775,0.36216142773628235,0.7180719375610352,-0.0037308514583855867,0.9665237069129944
186,0.42566007375717163,0.2827422618865967,-0.23860833048820496,0.9993014335632324,0.4261520504951477,0.2733606994152069,-0.22736409306526184,0.9988877773284912,0.4290916919708252,0.26928412914276123,-0.227401465177536,0.9985589981079102,0.43183237314224243,0.2676369547843933,-0.22744199633598328,0.9987849593162537,0.41912102699279785,0.27529188990592957,-0.22438669204711914,0.9988877773284912,0.4174850881099701,0.27541452646255493,-0.22448870539665222,0.9987053871154785,0.4157974123954773,0.2755967676639557,-0.22450676560401917,0.9987874627113342,0.43880313634872437,0.2692781984806061,-0.1310386061668396,0.9970024228096008,0.4177281856536865,0.27843260765075684,-0.11514197289943695,0.9972434043884277,0.43559402227401733,0.2870582342147827,-0.1992930918931961,0.9988790154457092,0.42739447951316833,0.29233673214912415,-0.1946079283952713,0.9985322952270508,0.4897937774658203,0.3073211908340454,-0.05345899611711502,0.999596118927002,0.412257581949234,0.33037078380584717,-0.05059521645307541,0.9995461702346802,0.5245959758758545,0.3638860881328583,-0.08745168149471283,0.8553248643875122,0.43028753995895386,0.3949350118637085,-0.09349716454744339,0.767687201499939,0.558385968208313,0.3788737654685974,-0.268851101398468,0.817026674747467,0.45239824056625366,0.4089745581150055,-0.2741187810897827,0.7255110144615173,0.5656999945640564,0.3868541717529297,-0.31202369928359985,0.7655355334281921,0.4571610391139984,0.4190639555454254,-0.3179899752140045,0.674203634262085,0.5641002058982849,0.3856200575828552,-0.3384358584880829,0.7753298878669739,0.4583527445793152,0.4120784401893616,-0.33925971388816833,0.6841174960136414,0.5598863959312439,0.3801950514316559,-0.2842019498348236,0.7491656541824341,0.4583771824836731,0.4077015519142151,-0.2867232859134674,0.6526262760162354,0.5091868042945862,0.46317440271377563,-0.002279668813571334,0.9998737573623657,0.4606575071811676,0.471322625875473,0.002251638798043132,0.9998026490211487,0.5260140299797058,0.5812453627586365,-0.004659933969378471,0.983177661895752,0.4312569200992584,0.5801107883453369,-0.0002449458697810769,0.9797980189323425,0.5433248281478882,0.6787083148956299,0.14319349825382233,0.9804350137710571,0.37679046392440796,0.6731998324394226,0.13169389963150024,0.9790123105049133,0.5387586355209351,0.6893825531005859,0.14916706085205078,0.8318341374397278,0.3741442859172821,0.6816766858100891,0.13669854402542114,0.8321151733398438,0.5568895936012268,0.7128962874412537,0.013243215158581734,0.9659897685050964,0.3615410327911377,0.7157928943634033,0.010999202728271484,0.9651303887367249
187,0.427490770816803,0.27932029962539673,-0.23791149258613586,0.999345064163208,0.4303287863731384,0.27109214663505554,-0.22523614764213562,0.9989537596702576,0.4329304099082947,0.27009278535842896,-0.22525086998939514,0.9986439347267151,0.4353552460670471,0.2689549922943115,-0.22529134154319763,0.9988589882850647,0.42202892899513245,0.2735750079154968,-0.22610878944396973,0.9989588260650635,0.4199415147304535,0.2741941809654236,-0.22622844576835632,0.9987905025482178,0.4165039658546448,0.2750459313392639,-0.22623233497142792,0.998866856098175,0.44046440720558167,0.27023088932037354,-0.1263066828250885,0.9971904158592224,0.41763782501220703,0.2790104150772095,-0.12722784280776978,0.9974260330200195,0.43866485357284546,0.28595709800720215,-0.1983194351196289,0.9989480376243591,0.42836958169937134,0.2899380624294281,-0.19853763282299042,0.9986159801483154,0.4817577302455902,0.30966320633888245,-0.03513338416814804,0.9996290802955627,0.41254907846450806,0.33389812707901,-0.060464464128017426,0.9995645880699158,0.5356459021568298,0.35749489068984985,-0.0034701942931860685,0.8624861240386963,0.4265666902065277,0.4005104601383209,-0.065706767141819,0.7706692218780518,0.5827803015708923,0.36867576837539673,-0.13473235070705414,0.8257699608802795,0.4032272398471832,0.42317143082618713,-0.20632533729076385,0.7290422916412354,0.6038009524345398,0.3728255331516266,-0.1625768095254898,0.7756754159927368,0.3951399326324463,0.43414992094039917,-0.2389654666185379,0.6787523627281189,0.597732663154602,0.3721955120563507,-0.20106668770313263,0.7858864068984985,0.38402602076530457,0.4313424229621887,-0.2747614085674286,0.6893622875213623,0.593200147151947,0.37049660086631775,-0.15402381122112274,0.7615194916725159,0.385314404964447,0.4295344352722168,-0.22415275871753693,0.6581929922103882,0.5089406371116638,0.4657987654209137,-0.0003272792382631451,0.9998803734779358,0.4607948660850525,0.47227534651756287,0.0003481979947537184,0.9998098015785217,0.5248383283615112,0.5821059346199036,-0.010165750049054623,0.9824138283729553,0.42738527059555054,0.5837526321411133,-0.0025045715738087893,0.9796876907348633,0.5384790897369385,0.6797478199005127,0.1337566077709198,0.9800810217857361,0.3755696713924408,0.6775230765342712,0.11745794117450714,0.9790077209472656,0.534995436668396,0.6912021636962891,0.1391550451517105,0.8347976803779602,0.37052494287490845,0.6920031309127808,0.120775505900383,0.8371803164482117,0.5541200637817383,0.7142601609230042,0.005274362862110138,0.9654659628868103,0.35764655470848083,0.7123791575431824,-0.004470492713153362,0.9652872085571289
188,0.4281842112541199,0.2793337106704712,-0.23653852939605713,0.9993540644645691,0.42903652787208557,0.2711714208126068,-0.22343000769615173,0.9989579319953918,0.43172508478164673,0.27006781101226807,-0.22346556186676025,0.9986537098884583,0.43617552518844604,0.2683035135269165,-0.22352275252342224,0.9988721013069153,0.4204086661338806,0.27360060811042786,-0.22670170664787292,0.9989736080169678,0.4184046685695648,0.27403849363327026,-0.22681912779808044,0.9988133907318115,0.4163990914821625,0.2744101285934448,-0.22684964537620544,0.9988869428634644,0.440817654132843,0.26922452449798584,-0.12234928458929062,0.9972048997879028,0.4184231758117676,0.28043419122695923,-0.13364307582378387,0.997489333152771,0.43977445363998413,0.2857820987701416,-0.1956196129322052,0.9989637136459351,0.4288877844810486,0.28995102643966675,-0.19884906709194183,0.9986242651939392,0.4843750596046448,0.3086426258087158,-0.02010403573513031,0.9996531009674072,0.41534584760665894,0.33085089921951294,-0.08295214921236038,0.9995655417442322,0.5415652990341187,0.355654239654541,0.00853688083589077,0.8644822835922241,0.4415631890296936,0.39078569412231445,-0.07979270815849304,0.7737393975257874,0.5827900171279907,0.365200012922287,-0.1295391172170639,0.8285395503044128,0.45962995290756226,0.4187503755092621,-0.18930532038211823,0.7247751951217651,0.605188250541687,0.3707939684391022,-0.15808218717575073,0.7789987921714783,0.46317821741104126,0.4322872757911682,-0.2231183797121048,0.6743962168693542,0.603596031665802,0.37000149488449097,-0.19630739092826843,0.789851188659668,0.46379318833351135,0.42746835947036743,-0.2502865195274353,0.6851611137390137,0.5928557515144348,0.3662113845348358,-0.14886236190795898,0.766714334487915,0.4641458988189697,0.42209941148757935,-0.20209498703479767,0.6530241370201111,0.5094525218009949,0.4655722975730896,0.011952691711485386,0.9998793005943298,0.4622512459754944,0.47330909967422485,-0.011925590224564075,0.9998000264167786,0.5250749588012695,0.5837715864181519,-0.0025734540540724993,0.981393575668335,0.4273849129676819,0.584476113319397,-0.020931363105773926,0.9796956777572632,0.5394513010978699,0.681739866733551,0.13934829831123352,0.9794458150863647,0.37197476625442505,0.6825712323188782,0.09788557887077332,0.9790805578231812,0.5348135828971863,0.6951699256896973,0.14496056735515594,0.8366477489471436,0.36871033906936646,0.6938270330429077,0.10147084295749664,0.8411272168159485,0.5569794774055481,0.7132912278175354,0.014818033203482628,0.9644105434417725,0.3578532338142395,0.7148089408874512,-0.023101914674043655,0.9654657244682312
189,0.4307212233543396,0.27936649322509766,-0.19808004796504974,0.9993788599967957,0.4296420216560364,0.27314257621765137,-0.1824793517589569,0.9989935159683228,0.4319450259208679,0.27219730615615845,-0.1825627088546753,0.9986982941627502,0.43418368697166443,0.27111145853996277,-0.18261301517486572,0.998913049697876,0.4224708676338196,0.27553465962409973,-0.19965602457523346,0.9990197420120239,0.42079585790634155,0.2760806083679199,-0.1997458040714264,0.9988675713539124,0.4178377091884613,0.2769242227077484,-0.19978629052639008,0.9989339113235474,0.43718165159225464,0.2731677293777466,-0.07844153791666031,0.9972899556159973,0.4203804135322571,0.28244349360466003,-0.15079417824745178,0.9976350665092468,0.43867626786231995,0.2859830856323242,-0.1555599868297577,0.9990054965019226,0.43021830916404724,0.28988832235336304,-0.17643886804580688,0.998667299747467,0.4717786908149719,0.31410425901412964,0.04511689394712448,0.9996696710586548,0.4238751530647278,0.3280565142631531,-0.1933831423521042,0.9995602369308472,0.526214599609375,0.34333592653274536,0.09114908427000046,0.8424977660179138,0.4958012104034424,0.34705665707588196,-0.2431904822587967,0.7934211492538452,0.5821305513381958,0.34595322608947754,0.0078396862372756,0.8173757195472717,0.5807690024375916,0.34738215804100037,-0.2742913067340851,0.7432466149330139,0.5907697081565857,0.3446387052536011,-0.011310086585581303,0.7683292627334595,0.5921029448509216,0.3499004542827606,-0.31718090176582336,0.6931293606758118,0.606235146522522,0.3423537015914917,-0.048914577811956406,0.7798395156860352,0.6049624681472778,0.34105628728866577,-0.3187427520751953,0.7022238969802856,0.5936805605888367,0.3441220223903656,-0.011278053745627403,0.759313702583313,0.5944467782974243,0.342350035905838,-0.27488967776298523,0.6688617467880249,0.49972397089004517,0.4740317463874817,0.05715261772274971,0.9998822808265686,0.45812875032424927,0.4769315719604492,-0.05710466951131821,0.9997945427894592,0.5224236845970154,0.5821112990379333,0.06302804499864578,0.9809192419052124,0.4209490418434143,0.5885364413261414,-0.0440254844725132,0.9807505011558533,0.5354177951812744,0.6796340942382812,0.20803681015968323,0.9798658490180969,0.36935365200042725,0.6819663643836975,0.08258883655071259,0.9802204966545105,0.5301983952522278,0.6947559118270874,0.21607351303100586,0.8437535762786865,0.3628876805305481,0.6928204894065857,0.08907204866409302,0.849086582660675,0.5569553971290588,0.7127904295921326,0.10709426552057266,0.9649178385734558,0.3607012629508972,0.7158133387565613,-0.026409734040498734,0.9671667218208313
190,0.43457159399986267,0.2811467945575714,-0.15829387307167053,0.9994226098060608,0.4319959282875061,0.2743895947933197,-0.14131873846054077,0.9990605115890503,0.43372005224227905,0.273756742477417,-0.14138175547122955,0.9987801909446716,0.43546193838119507,0.2730448842048645,-0.14140653610229492,0.9989818930625916,0.42547807097435,0.2765824794769287,-0.16534395515918732,0.9990938305854797,0.4238967299461365,0.2772575616836548,-0.16544209420681,0.9989539384841919,0.42241042852401733,0.2779396176338196,-0.165476456284523,0.999012291431427,0.43656498193740845,0.2762344479560852,-0.039079971611499786,0.9974687695503235,0.4222216010093689,0.28404468297958374,-0.14264513552188873,0.9978357553482056,0.4408162236213684,0.28891879320144653,-0.11662133038043976,0.9990813136100769,0.435377836227417,0.2916242778301239,-0.1464618295431137,0.9987702369689941,0.4703778624534607,0.318353533744812,0.08269553631544113,0.9996917843818665,0.42231282591819763,0.3269995450973511,-0.21944543719291687,0.999585747718811,0.5179732441902161,0.3430905044078827,0.1422833502292633,0.8004456162452698,0.49188047647476196,0.34095799922943115,-0.3213411271572113,0.8132650852203369,0.578351616859436,0.344182550907135,0.09181851893663406,0.7911659479141235,0.5865052342414856,0.34075927734375,-0.3345060646533966,0.7647449970245361,0.5859390497207642,0.3614409565925598,0.07873481512069702,0.7429558634757996,0.5992293953895569,0.3376650810241699,-0.3776243031024933,0.7153840065002441,0.5838687419891357,0.3631519675254822,0.043816640973091125,0.755047619342804,0.6095229387283325,0.3391079306602478,-0.36862868070602417,0.7227056622505188,0.5768473744392395,0.36308979988098145,0.07404371351003647,0.7382227778434753,0.5994306802749634,0.33810198307037354,-0.3308497369289398,0.6888892650604248,0.5033822059631348,0.4754294753074646,0.07093217223882675,0.9998912215232849,0.46174973249435425,0.4799218773841858,-0.07087761163711548,0.9998072385787964,0.525673508644104,0.5825009346008301,0.062389861792325974,0.9802826046943665,0.4258374571800232,0.5872602462768555,-0.03797636553645134,0.9817103147506714,0.537618100643158,0.6824851632118225,0.2136222869157791,0.9800636768341064,0.372211754322052,0.6762146353721619,0.10744784027338028,0.9809470176696777,0.5304046273231506,0.697441816329956,0.22335918247699738,0.8506919145584106,0.3639199733734131,0.6863855123519897,0.11727072298526764,0.8558790683746338,0.5598005056381226,0.7146955728530884,0.1253940463066101,0.9651762843132019,0.3646100163459778,0.713444709777832,0.01622023619711399,0.9682749509811401
191,0.42128291726112366,0.2795298993587494,-0.2202635109424591,0.9994778037071228,0.4226156175136566,0.2697896957397461,-0.20424839854240417,0.9991491436958313,0.4256986975669861,0.2686574459075928,-0.20426888763904572,0.9988954663276672,0.4287230968475342,0.26674890518188477,-0.20434483885765076,0.9990776181221008,0.41577497124671936,0.27266329526901245,-0.206308513879776,0.9991803169250488,0.41381603479385376,0.27361440658569336,-0.20635581016540527,0.9990535378456116,0.4124529957771301,0.274459570646286,-0.20636315643787384,0.9991056323051453,0.4367184042930603,0.27016162872314453,-0.09739234298467636,0.9977080821990967,0.4157690107822418,0.27879366278648376,-0.10377134382724762,0.9980423450469971,0.4331706166267395,0.28552502393722534,-0.1785777509212494,0.9991581439971924,0.42408767342567444,0.289481520652771,-0.18044811487197876,0.9988782405853271,0.4768948554992676,0.31699198484420776,-0.0066717020235955715,0.9997129440307617,0.4229768216609955,0.3318644165992737,-0.04956989735364914,0.9995976090431213,0.5363771319389343,0.3291829526424408,-0.021717391908168793,0.813524603843689,0.4284333288669586,0.3968488872051239,0.007254910655319691,0.8108257055282593,0.5953494310379028,0.31279006600379944,-0.172968789935112,0.8063527345657349,0.40289410948753357,0.43478280305862427,-0.03591984510421753,0.7604206800460815,0.6191918849945068,0.31114432215690613,-0.19946269690990448,0.7602651119232178,0.38317036628723145,0.4442598223686218,-0.05024342983961105,0.7106138467788696,0.6186237931251526,0.3068290054798126,-0.23211312294006348,0.771979808807373,0.3796228766441345,0.4405129551887512,-0.08652275800704956,0.719107985496521,0.6082627177238464,0.3092215359210968,-0.19212941825389862,0.7563906908035278,0.37979984283447266,0.43496426939964294,-0.05147590488195419,0.6868740320205688,0.5003416538238525,0.47541218996047974,0.014147910289466381,0.9998952746391296,0.4592892527580261,0.4796349108219147,-0.014052892103791237,0.9998091459274292,0.5203483700752258,0.5860308408737183,0.04592731595039368,0.9789791703224182,0.4252609610557556,0.5858520269393921,-0.03894663229584694,0.9822025299072266,0.5352937579154968,0.6845842599868774,0.20046846568584442,0.9803026914596558,0.36570531129837036,0.6811178922653198,0.07792404294013977,0.981907069683075,0.529969334602356,0.7005627751350403,0.20772533118724823,0.8571061491966248,0.3569144010543823,0.6926112174987793,0.08170673996210098,0.8643873333930969,0.5574359893798828,0.715596079826355,0.08867212384939194,0.9656078219413757,0.3555530905723572,0.7207406163215637,-0.04225659742951393,0.9698066711425781
192,0.42284631729125977,0.2729673981666565,-0.2146105319261551,0.9995120167732239,0.422139972448349,0.2656720280647278,-0.19738073647022247,0.9992045164108276,0.4239712357521057,0.2650642395019531,-0.19742751121520996,0.9989636540412903,0.42729276418685913,0.2640076279640198,-0.19745327532291412,0.9991342425346375,0.41727694869041443,0.26916444301605225,-0.2060517966747284,0.9992349147796631,0.41623455286026,0.2698713541030884,-0.20610670745372772,0.9991142749786377,0.41509371995925903,0.2705870568752289,-0.20613017678260803,0.999160647392273,0.43104371428489685,0.2693769037723541,-0.08639397472143173,0.9978228211402893,0.4142311215400696,0.2762964963912964,-0.12046803534030914,0.9981688857078552,0.4316233992576599,0.2808242440223694,-0.17058883607387543,0.9991921782493591,0.42539557814598083,0.28510934114456177,-0.18040893971920013,0.9989182353019714,0.4743596613407135,0.3108692169189453,0.025987740606069565,0.9997072219848633,0.41279157996177673,0.3276287317276001,-0.13295575976371765,0.9995563626289368,0.5285237431526184,0.32475748658180237,0.04690803587436676,0.8026121854782104,0.4713197350502014,0.3482316732406616,-0.19994805753231049,0.8259594440460205,0.5945369601249695,0.31247925758361816,-0.06549441814422607,0.8070282340049744,0.5391740798950195,0.3438897430896759,-0.30132025480270386,0.7760788202285767,0.6185517907142639,0.3110882639884949,-0.09372832626104355,0.7625749707221985,0.5568224191665649,0.35022595524787903,-0.3466545045375824,0.7265079021453857,0.6184884309768677,0.3088986575603485,-0.131058007478714,0.7749157547950745,0.5577144622802734,0.3446437418460846,-0.35524219274520874,0.7339745163917542,0.6094914674758911,0.31033197045326233,-0.08523260802030563,0.7605317831039429,0.5520369410514832,0.3430367708206177,-0.30717214941978455,0.701274037361145,0.4968023896217346,0.4695470929145813,0.03616565838456154,0.9998992681503296,0.45938605070114136,0.4735950529575348,-0.036100249737501144,0.9998133182525635,0.5198625922203064,0.5820273160934448,0.045587752014398575,0.9790990948677063,0.42309361696243286,0.5834279656410217,-0.011128057725727558,0.9828487634658813,0.5309770703315735,0.6825822591781616,0.20299430191516876,0.9807927012443542,0.3681270182132721,0.673639178276062,0.11862959712743759,0.982766330242157,0.5238396525382996,0.6994097232818604,0.21060386300086975,0.8624188303947449,0.3610413074493408,0.6839483976364136,0.12403874099254608,0.8692302107810974,0.5535995960235596,0.713752269744873,0.09297811985015869,0.9663936495780945,0.3588474690914154,0.7149981260299683,0.0043675536289811134,0.9711593389511108
193,0.42340534925460815,0.2813571095466614,-0.24170620739459991,0.9995023608207703,0.4226303696632385,0.27323368191719055,-0.23007731139659882,0.9991803169250488,0.4251231551170349,0.2723793685436249,-0.23016588389873505,0.9989246726036072,0.426967054605484,0.27158111333847046,-0.2302599400281906,0.9991046190261841,0.4178892970085144,0.2744067907333374,-0.23017141222953796,0.9992275834083557,0.4170335829257965,0.27459946274757385,-0.23023240268230438,0.9991002678871155,0.415930837392807,0.2748759984970093,-0.2302655279636383,0.9991481304168701,0.43259328603744507,0.272595077753067,-0.13373742997646332,0.9977866411209106,0.41722503304481506,0.27760446071624756,-0.13068783283233643,0.9981918334960938,0.4320509433746338,0.28797051310539246,-0.20267872512340546,0.9991897344589233,0.42515984177589417,0.2901954650878906,-0.20180583000183105,0.99892657995224,0.48370862007141113,0.305623859167099,-0.03947141021490097,0.9997161626815796,0.40896621346473694,0.33630502223968506,-0.08426811546087265,0.9995328783988953,0.5477446913719177,0.30646073818206787,-0.038684677332639694,0.8167628645896912,0.4314908981323242,0.3812299370765686,-0.08980368822813034,0.8275738954544067,0.6050792932510376,0.28158068656921387,-0.17864342033863068,0.8208576440811157,0.4583188593387604,0.3993417024612427,-0.20367589592933655,0.7729009985923767,0.6245282292366028,0.27973657846450806,-0.21120956540107727,0.777681827545166,0.4650498032569885,0.4107372760772705,-0.2345917522907257,0.7209845185279846,0.6233783960342407,0.27731019258499146,-0.24213318526744843,0.78952556848526,0.46568065881729126,0.4045252203941345,-0.26103559136390686,0.7290915250778198,0.6168586015701294,0.27809229493141174,-0.1964716613292694,0.7761669158935547,0.46483445167541504,0.40021008253097534,-0.21679134666919708,0.6967839598655701,0.49852412939071655,0.4718399941921234,0.010546190664172173,0.9998812675476074,0.45772117376327515,0.47752004861831665,-0.01052259374409914,0.9997590184211731,0.5178394317626953,0.5876741409301758,0.023587381467223167,0.9785309433937073,0.42212074995040894,0.5878579020500183,-0.008624752052128315,0.9829022884368896,0.5293325781822205,0.6840437054634094,0.19272102415561676,0.9804887771606445,0.36467280983924866,0.6750982999801636,0.12354127317667007,0.9829592108726501,0.521163821220398,0.6989234089851379,0.20103077590465546,0.8634929060935974,0.3543734848499298,0.6852043271064758,0.12882931530475616,0.8700379133224487,0.5573416948318481,0.7149270176887512,0.07383034378290176,0.9659342169761658,0.3568708002567291,0.7169084548950195,0.0007247695466503501,0.9714353084564209
194,0.4240363538265228,0.2722407579421997,-0.2250325232744217,0.9995269775390625,0.42368727922439575,0.264660120010376,-0.20699362456798553,0.9992185235023499,0.42602428793907166,0.2637892961502075,-0.20706506073474884,0.9989721179008484,0.42998915910720825,0.2623196244239807,-0.2071361541748047,0.9991430044174194,0.41720861196517944,0.2673567533493042,-0.21392914652824402,0.9992665648460388,0.4157828390598297,0.2682054042816162,-0.2140055000782013,0.9991408586502075,0.4129871726036072,0.27108514308929443,-0.21403999626636505,0.9991818070411682,0.43489137291908264,0.2658393681049347,-0.09417913109064102,0.9978709816932678,0.41449713706970215,0.2766253352165222,-0.12162909656763077,0.9982790946960449,0.43484026193618774,0.27917423844337463,-0.18100357055664062,0.999212920665741,0.42569154500961304,0.28224873542785645,-0.18888957798480988,0.9989581108093262,0.4816461503505707,0.30925706028938293,0.007122783921658993,0.9997134804725647,0.4155113697052002,0.33016255497932434,-0.11595775187015533,0.999440610408783,0.5475970506668091,0.3095894753932953,0.003990664146840572,0.8206210732460022,0.44840866327285767,0.35710039734840393,-0.1791524738073349,0.8354731798171997,0.6056405305862427,0.2829084098339081,-0.1312483847141266,0.8277351260185242,0.4999900758266449,0.3568863868713379,-0.28895461559295654,0.7756871581077576,0.6250620484352112,0.278489351272583,-0.1633003205060959,0.785264790058136,0.513472318649292,0.3640599846839905,-0.32774221897125244,0.7214308381080627,0.6240358352661133,0.2755224406719208,-0.19165727496147156,0.7969679832458496,0.514573335647583,0.35824260115623474,-0.3424360752105713,0.7290660738945007,0.6181318163871765,0.27701085805892944,-0.14878307282924652,0.7846457958221436,0.5108132362365723,0.35580146312713623,-0.29781460762023926,0.6960799694061279,0.501097559928894,0.4704345762729645,0.03078276291489601,0.9998817443847656,0.4565456509590149,0.4758952260017395,-0.030753489583730698,0.9997538328170776,0.519451916217804,0.5864232778549194,0.06252268701791763,0.9779141545295715,0.4246721863746643,0.5857622027397156,-0.028375502675771713,0.9831057786941528,0.5311901569366455,0.6828430891036987,0.2401982545852661,0.9802067875862122,0.36628973484039307,0.6752816438674927,0.1090795248746872,0.9832369685173035,0.5238140821456909,0.696671187877655,0.24953608214855194,0.8650004863739014,0.35862571001052856,0.6850780844688416,0.11540745198726654,0.8715888857841492,0.5559871792793274,0.7170443534851074,0.12757103145122528,0.9655440449714661,0.35634055733680725,0.7166339159011841,-0.011394558474421501,0.9719271063804626
195,0.4274381995201111,0.281014084815979,-0.16056759655475616,0.999460756778717,0.42711275815963745,0.27363061904907227,-0.14819152653217316,0.9990753531455994,0.4309989809989929,0.27230900526046753,-0.1482304334640503,0.9987640380859375,0.43248090147972107,0.27141159772872925,-0.14832249283790588,0.9989786148071289,0.42426615953445435,0.2748714089393616,-0.1560177057981491,0.9991846680641174,0.42116206884384155,0.2756553888320923,-0.15612152218818665,0.9990322589874268,0.42034024000167847,0.2759110927581787,-0.15617819130420685,0.9990862011909485,0.4386519491672516,0.271273672580719,-0.06028423458337784,0.9975284934043884,0.42227888107299805,0.27933287620544434,-0.09174513071775436,0.9981955289840698,0.43741339445114136,0.28642261028289795,-0.12450574338436127,0.999070942401886,0.4301207959651947,0.2887566089630127,-0.1337127536535263,0.9987978339195251,0.48411092162132263,0.3019210994243622,0.03763093054294586,0.9996905326843262,0.41723981499671936,0.3253324627876282,-0.09570776671171188,0.9994004964828491,0.5483622550964355,0.2856608033180237,0.047177452594041824,0.8209293484687805,0.4364407956600189,0.3453037440776825,-0.11713366210460663,0.8406580090522766,0.6126800775527954,0.25997304916381836,-0.05990682169795036,0.8313947916030884,0.46618643403053284,0.3609831631183624,-0.18282540142536163,0.7727765440940857,0.629544734954834,0.24906495213508606,-0.08101446181535721,0.7886101603507996,0.47333627939224243,0.37132248282432556,-0.210816890001297,0.7163477540016174,0.6283184289932251,0.24732720851898193,-0.11125434935092926,0.8002731800079346,0.4754943251609802,0.3663126528263092,-0.22722172737121582,0.7239489555358887,0.6211025714874268,0.25176942348480225,-0.0779971182346344,0.7896016240119934,0.47331637144088745,0.36318957805633545,-0.19123366475105286,0.6914693117141724,0.4963761270046234,0.46944817900657654,0.03747596591711044,0.9998546838760376,0.45813173055648804,0.4704727232456207,-0.03751562535762787,0.9996786713600159,0.5171754360198975,0.5820256471633911,0.0337911918759346,0.9742186665534973,0.4230911135673523,0.585209846496582,-0.03407059982419014,0.9817463755607605,0.528779149055481,0.6851446032524109,0.14680497348308563,0.9791529178619385,0.3629213571548462,0.6748902797698975,0.06067372113466263,0.9827653169631958,0.5209817290306091,0.6995033025741577,0.149897962808609,0.8687684535980225,0.3511895537376404,0.6866500973701477,0.06306622177362442,0.8733600378036499,0.5563699007034302,0.7134207487106323,0.02966975048184395,0.9642593264579773,0.35550951957702637,0.7129229307174683,-0.05922515317797661,0.9713984727859497
196,0.4330596327781677,0.27108126878738403,-0.2261735498905182,0.9994977712631226,0.42982831597328186,0.2642245590686798,-0.20798352360725403,0.9991402626037598,0.4308987557888031,0.26168590784072876,-0.20804908871650696,0.9988473653793335,0.43221956491470337,0.2608890235424042,-0.20810404419898987,0.9990503191947937,0.42484790086746216,0.26590850949287415,-0.22753772139549255,0.9992427825927734,0.42379307746887207,0.2663535475730896,-0.22763395309448242,0.9990997910499573,0.42044204473495483,0.26720982789993286,-0.227664977312088,0.9991471767425537,0.4352782666683197,0.2633918821811676,-0.09654310345649719,0.9977023005485535,0.42153605818748474,0.27394330501556396,-0.17860031127929688,0.9983415603637695,0.4424925446510315,0.27863091230392456,-0.18134987354278564,0.9991312026977539,0.4357079863548279,0.28133803606033325,-0.20494398474693298,0.998870313167572,0.4747878909111023,0.3073798418045044,0.03548966348171234,0.9996956586837769,0.4163789749145508,0.32366979122161865,-0.2457776814699173,0.9993832111358643,0.5460208058357239,0.30333417654037476,0.04509889706969261,0.8089004158973694,0.49150997400283813,0.31091660261154175,-0.35166457295417786,0.854972779750824,0.615977942943573,0.2779112756252289,-0.048965997993946075,0.8272730112075806,0.5661989450454712,0.27431851625442505,-0.3736354112625122,0.7889915108680725,0.637110710144043,0.26883840560913086,-0.06899073719978333,0.7846933603286743,0.5858632922172546,0.26976969838142395,-0.4212535321712494,0.7326143383979797,0.637141764163971,0.2701089382171631,-0.10288558900356293,0.796787440776825,0.5855845808982849,0.26533156633377075,-0.4098455309867859,0.738498330116272,0.6277035474777222,0.27533942461013794,-0.06920474767684937,0.7875930070877075,0.5790262222290039,0.2675831913948059,-0.37158966064453125,0.7052815556526184,0.49619215726852417,0.4763379693031311,0.07282240688800812,0.9998596906661987,0.4574907422065735,0.4766295552253723,-0.07279911637306213,0.9996860027313232,0.5206168293952942,0.5871135592460632,0.09399279206991196,0.9732441902160645,0.4214991629123688,0.5911780595779419,-0.05985266715288162,0.9824479818344116,0.5287929773330688,0.6830129027366638,0.26674726605415344,0.9790253639221191,0.3615606427192688,0.676178514957428,0.0994550958275795,0.9830186367034912,0.5211458802223206,0.6985666751861572,0.27816203236579895,0.8739075660705566,0.35005950927734375,0.6840819716453552,0.1097312718629837,0.8772318363189697,0.5581899881362915,0.7147594094276428,0.17674565315246582,0.9638547301292419,0.3554893434047699,0.7142569422721863,0.0014497198862954974,0.9715920090675354
197,0.4437197744846344,0.2676960527896881,-0.17189934849739075,0.9995346069335938,0.4373406767845154,0.26182496547698975,-0.1553388386964798,0.999203085899353,0.43789902329444885,0.2614496946334839,-0.15538379549980164,0.9989299774169922,0.44073599576950073,0.2602096498012543,-0.15542176365852356,0.9991216063499451,0.4356534481048584,0.2635589838027954,-0.1807938814163208,0.999301552772522,0.43253904581069946,0.2676141560077667,-0.1809399276971817,0.9991704821586609,0.4318186640739441,0.26841288805007935,-0.18099193274974823,0.9992130398750305,0.4409131407737732,0.26452726125717163,-0.056788571178913116,0.9978756904602051,0.43208152055740356,0.2736472487449646,-0.16533821821212769,0.9984875917434692,0.44905704259872437,0.27673661708831787,-0.13173255324363708,0.9991915822029114,0.4471708834171295,0.2783287763595581,-0.16298970580101013,0.9989503026008606,0.47144246101379395,0.3109997510910034,0.07567432522773743,0.9997166395187378,0.4301376938819885,0.3208678364753723,-0.2565731406211853,0.9994262456893921,0.5195302963256836,0.3055534064769745,0.1191992536187172,0.7844909429550171,0.4988470673561096,0.3018520474433899,-0.37293365597724915,0.86871737241745,0.5693060755729675,0.29401731491088867,0.07373284548521042,0.8156856298446655,0.5711864233016968,0.259387731552124,-0.364264577627182,0.8065099716186523,0.5835369825363159,0.28608736395835876,0.06571405380964279,0.7740496397018433,0.5906345844268799,0.2526378333568573,-0.41043996810913086,0.7521073222160339,0.5843901634216309,0.28604066371917725,0.033288974314928055,0.7862335443496704,0.5908318161964417,0.24862103164196014,-0.3905944228172302,0.7565183043479919,0.5777116417884827,0.29028499126434326,0.05558767169713974,0.7783517241477966,0.5929093956947327,0.23824560642242432,-0.35832709074020386,0.7237269878387451,0.49598798155784607,0.47605380415916443,0.08917678147554398,0.9998698234558105,0.4623052477836609,0.476713091135025,-0.0891399160027504,0.9997065663337708,0.5179803371429443,0.587672770023346,0.13097994029521942,0.9720723628997803,0.42229804396629333,0.5897128582000732,-0.060515113174915314,0.9832018613815308,0.5269853472709656,0.689076840877533,0.2558423578739166,0.9794411659240723,0.3570358157157898,0.67926025390625,0.0622565932571888,0.9837448000907898,0.5180761814117432,0.7072178721427917,0.26290321350097656,0.8802729249000549,0.34802013635635376,0.6838594079017639,0.06934700906276703,0.8835042715072632,0.5641319751739502,0.7166773080825806,0.1618901491165161,0.9645809531211853,0.3584013879299164,0.7169029116630554,-0.039824824780225754,0.9727602601051331
198,0.44329768419265747,0.2594280242919922,-0.12960229814052582,0.9995741844177246,0.4389101564884186,0.2536211609840393,-0.11765271425247192,0.9992730021476746,0.4391930103302002,0.2533859610557556,-0.11769706010818481,0.999022901058197,0.43965011835098267,0.25287339091300964,-0.11770634353160858,0.9991997480392456,0.4381989538669586,0.2575753927230835,-0.15169979631900787,0.9993646740913391,0.43573397397994995,0.25900548696517944,-0.15183429419994354,0.9992458820343018,0.4354476034641266,0.2595565915107727,-0.15185068547725677,0.9992836117744446,0.43734413385391235,0.26207756996154785,-0.03505880385637283,0.9980684518814087,0.43546468019485474,0.2683727443218231,-0.18411070108413696,0.9986299872398376,0.45027607679367065,0.26881837844848633,-0.09353861212730408,0.9992597103118896,0.44968754053115845,0.2698932886123657,-0.1365050971508026,0.9990381002426147,0.4560040831565857,0.3154909610748291,0.10709778219461441,0.9997386932373047,0.44976821541786194,0.3126760721206665,-0.2914937734603882,0.9994723796844482,0.48594337701797485,0.34001806378364563,0.23804286122322083,0.7325042486190796,0.52767413854599,0.28735658526420593,-0.41308578848838806,0.8814467787742615,0.5345898866653442,0.31894922256469727,0.26882851123809814,0.7814460396766663,0.5990773439407349,0.2395627200603485,-0.39474475383758545,0.8236677050590515,0.5470565557479858,0.3127601146697998,0.2759740948677063,0.7452240586280823,0.6160339117050171,0.22895269095897675,-0.4425334930419922,0.7725197076797485,0.5496501922607422,0.31119436025619507,0.2382849156856537,0.7576917409896851,0.6152265667915344,0.22560958564281464,-0.4199908673763275,0.7758641839027405,0.5446906089782715,0.3141624331474304,0.25164130330085754,0.7520679235458374,0.6093819737434387,0.22819796204566956,-0.38704556226730347,0.743986189365387,0.4908512234687805,0.4759823679924011,0.10648634284734726,0.9998807907104492,0.46640545129776,0.4758374094963074,-0.10634882748126984,0.99973064661026,0.5186467170715332,0.5875469446182251,0.18115150928497314,0.9661954045295715,0.4251938760280609,0.5901383757591248,-0.025308048352599144,0.9830259084701538,0.5269677639007568,0.6884759068489075,0.2918972074985504,0.9781984090805054,0.3588596284389496,0.6787539720535278,0.10191585123538971,0.9837395548820496,0.5186737775802612,0.7033634781837463,0.2990628480911255,0.8841334581375122,0.3450375497341156,0.6859561204910278,0.11180353164672852,0.888687014579773,0.5597690939903259,0.717039942741394,0.21340861916542053,0.9633650183677673,0.3575919270515442,0.7206127643585205,0.024052735418081284,0.9729230999946594
199,0.44647568464279175,0.25673866271972656,-0.16664715111255646,0.9996078014373779,0.44401177763938904,0.2509426474571228,-0.14522139728069305,0.9993288516998291,0.44476571679115295,0.2508373260498047,-0.14527486264705658,0.9990960955619812,0.4453887343406677,0.25045377016067505,-0.14531101286411285,0.9992610812187195,0.43936270475387573,0.2553967833518982,-0.1779516339302063,0.999418318271637,0.4387313723564148,0.25617119669914246,-0.1780720204114914,0.999310314655304,0.43795245885849,0.2567153573036194,-0.17810389399528503,0.9993431568145752,0.4456275403499603,0.259202778339386,-0.030914152041077614,0.99822598695755,0.4342564046382904,0.2632136940956116,-0.17450156807899475,0.9987560510635376,0.4549475312232971,0.2670062184333801,-0.12155184894800186,0.9993159770965576,0.4489282965660095,0.26808151602745056,-0.16295208036899567,0.9991158843040466,0.46999961137771606,0.30751553177833557,0.10548870265483856,0.9997380375862122,0.428745836019516,0.30844712257385254,-0.2800670564174652,0.9994960427284241,0.5321868062019348,0.27834561467170715,0.16377319395542145,0.7043061852455139,0.46757620573043823,0.2812545895576477,-0.4645223021507263,0.8929657340049744,0.5777698755264282,0.2357209175825119,0.13321956992149353,0.7730709314346313,0.5307349562644958,0.22615423798561096,-0.5218555331230164,0.8395280838012695,0.5965932011604309,0.2266281545162201,0.12623238563537598,0.7361871004104614,0.5470689535140991,0.2153162658214569,-0.578161895275116,0.791187584400177,0.5951026678085327,0.222462460398674,0.09592985361814499,0.748564600944519,0.5498105883598328,0.21153616905212402,-0.5553270578384399,0.7937420606613159,0.5879256129264832,0.22530758380889893,0.11514784395694733,0.7453451752662659,0.5435035228729248,0.21724513173103333,-0.5166870355606079,0.7633180022239685,0.48912811279296875,0.47473591566085815,0.10336458683013916,0.9998878240585327,0.4603716731071472,0.4724491238594055,-0.10330255329608917,0.9997447729110718,0.5137844681739807,0.5844104290008545,0.15584301948547363,0.9618901610374451,0.42379340529441833,0.5906150937080383,-0.057983290404081345,0.9831315279006958,0.5245534181594849,0.6831718683242798,0.2841171622276306,0.9769927263259888,0.35432571172714233,0.6784241795539856,0.0677327811717987,0.984009861946106,0.5180431604385376,0.7012590169906616,0.2911038100719452,0.8863224983215332,0.3440163731575012,0.6829022765159607,0.07523038983345032,0.8920295238494873,0.5546983480453491,0.7132584452629089,0.1925775110721588,0.9619091749191284,0.3532294034957886,0.7174268960952759,-0.0365593247115612,0.9731892347335815
200,0.4507353901863098,0.2622576355934143,-0.1766052544116974,0.9996420741081238,0.4474415183067322,0.25592777132987976,-0.15326295793056488,0.9993880391120911,0.4482812285423279,0.25586605072021484,-0.1533271223306656,0.9991746544837952,0.4491056501865387,0.255540132522583,-0.15337203443050385,0.9993252754211426,0.44178643822669983,0.2573365271091461,-0.1857878714799881,0.9994716644287109,0.4413558840751648,0.2606939673423767,-0.18592339754104614,0.9993734955787659,0.436634361743927,0.2615892291069031,-0.18596012890338898,0.9994022846221924,0.4480847716331482,0.263439416885376,-0.031645745038986206,0.9983846545219421,0.4352484345436096,0.2673676609992981,-0.17418012022972107,0.9988741874694824,0.4556049704551697,0.27273720502853394,-0.12892164289951324,0.9993735551834106,0.452289879322052,0.27348875999450684,-0.16998420655727386,0.9991933107376099,0.48334354162216187,0.3138411045074463,0.10550147294998169,0.9997477531433105,0.42624449729919434,0.3167620301246643,-0.28040480613708496,0.999524712562561,0.5270965695381165,0.28481540083885193,0.16000579297542572,0.6760671734809875,0.4736660122871399,0.2973094880580902,-0.45977354049682617,0.9031625986099243,0.5795670747756958,0.23559530079364777,0.13003642857074738,0.7644123435020447,0.5387960076332092,0.23509803414344788,-0.5185902118682861,0.8533991575241089,0.5952528715133667,0.22704382240772247,0.12282361090183258,0.727358877658844,0.5723847150802612,0.2288322150707245,-0.5736843347549438,0.8073987364768982,0.593682587146759,0.22284182906150818,0.09486768394708633,0.739495575428009,0.5721685886383057,0.22166100144386292,-0.5512968897819519,0.809156596660614,0.5891296863555908,0.22528430819511414,0.11286632716655731,0.738215446472168,0.5581845641136169,0.2291368693113327,-0.5129597783088684,0.7796351909637451,0.493720144033432,0.4808324873447418,0.10578306019306183,0.9998956322669983,0.45859870314598083,0.4783410429954529,-0.10569489002227783,0.9997627139091492,0.5169474482536316,0.5906572341918945,0.18246951699256897,0.9593217968940735,0.42478686571121216,0.5901957750320435,-0.07802041620016098,0.9837608337402344,0.5264310836791992,0.6857708692550659,0.34293538331985474,0.9764025211334229,0.3563864827156067,0.6761868000030518,0.059233736246824265,0.9846813678741455,0.5184050798416138,0.702046275138855,0.353125661611557,0.8894491791725159,0.3413696885108948,0.6822953224182129,0.0680856928229332,0.8970184922218323,0.5610116720199585,0.7159426212310791,0.2560321092605591,0.9613162875175476,0.3519018888473511,0.7155297994613647,-0.049169789999723434,0.9742087721824646
201,0.46361270546913147,0.2717834711074829,-0.1719784438610077,0.9996698498725891,0.4540000855922699,0.26566100120544434,-0.14794296026229858,0.9994370341300964,0.4549695551395416,0.2655813694000244,-0.14800699055194855,0.9992395043373108,0.4583030343055725,0.2651475667953491,-0.14806006848812103,0.9993784427642822,0.45060867071151733,0.2656836211681366,-0.18429966270923615,0.9995175004005432,0.4461262822151184,0.2656886577606201,-0.18445414304733276,0.9994283318519592,0.44445571303367615,0.26533645391464233,-0.1844773143529892,0.9994529485702515,0.45251354575157166,0.26785731315612793,-0.022102972492575645,0.9985220432281494,0.4368247091770172,0.2683226466178894,-0.1820315271615982,0.998979389667511,0.46342259645462036,0.2836555242538452,-0.12222298234701157,0.9994232058525085,0.45659297704696655,0.2843155860900879,-0.1683281511068344,0.9992598295211792,0.4837198853492737,0.31844237446784973,0.12328889220952988,0.9997631907463074,0.42403849959373474,0.31926894187927246,-0.2931479513645172,0.9995604157447815,0.5276906490325928,0.29279229044914246,0.18880370259284973,0.6503838896751404,0.46647292375564575,0.29606667160987854,-0.473921537399292,0.9124915599822998,0.569724977016449,0.24511153995990753,0.1584879606962204,0.7577651739120483,0.5255228877067566,0.2244473397731781,-0.528663158416748,0.8666040301322937,0.5841498374938965,0.21568968892097473,0.15123359858989716,0.7201706767082214,0.5642462968826294,0.20920448005199432,-0.5838819742202759,0.8235156536102295,0.581321120262146,0.2124672830104828,0.12430353462696075,0.7318544387817383,0.562920868396759,0.2030409872531891,-0.5597330927848816,0.8247154355049133,0.5736472010612488,0.22087720036506653,0.14137862622737885,0.7325322031974792,0.5528837442398071,0.21155834197998047,-0.521655261516571,0.7965085506439209,0.49650803208351135,0.4856235086917877,0.1121966615319252,0.9999037981033325,0.45954567193984985,0.48201942443847656,-0.11214419454336166,0.9997803568840027,0.5173376202583313,0.589760959148407,0.15615132451057434,0.9557967185974121,0.4228399395942688,0.5951364040374756,-0.050573498010635376,0.9837278723716736,0.5244663953781128,0.6879823207855225,0.2895870804786682,0.9757106304168701,0.3548676371574402,0.6771477460861206,0.09636697173118591,0.9848483800888062,0.5162000060081482,0.7017757892608643,0.29717206954956055,0.8926877975463867,0.33953648805618286,0.6787267923355103,0.10668541491031647,0.9011679887771606,0.5622056722640991,0.7173340916633606,0.1992046982049942,0.9609101414680481,0.3527589440345764,0.7174794673919678,0.0006972966366447508,0.9746535420417786
202,0.455252468585968,0.2642771899700165,-0.16338799893856049,0.9996947646141052,0.4495595097541809,0.25716012716293335,-0.14017337560653687,0.9994814991950989,0.45046573877334595,0.257121205329895,-0.14022709429264069,0.9992985725402832,0.45115193724632263,0.256746381521225,-0.14027288556098938,0.9994267821311951,0.44677847623825073,0.25795552134513855,-0.17293457686901093,0.9995587468147278,0.4420837461948395,0.258134663105011,-0.17310188710689545,0.9994773864746094,0.44068947434425354,0.2581951916217804,-0.1731392741203308,0.9994985461235046,0.4493034780025482,0.2606182396411896,-0.020549608394503593,0.9986440539360046,0.4309428632259369,0.2697957158088684,-0.1638464331626892,0.999073326587677,0.46015745401382446,0.2752438187599182,-0.11623982340097427,0.9994668960571289,0.4536953866481781,0.27595189213752747,-0.15755833685398102,0.9993180632591248,0.4843229353427887,0.3163626790046692,0.11378692090511322,0.9997783303260803,0.42741695046424866,0.3166794180870056,-0.26949116587638855,0.9995943903923035,0.5259114503860474,0.297380268573761,0.1663791835308075,0.6300083994865417,0.47233301401138306,0.2948117256164551,-0.43949955701828003,0.9207438826560974,0.5672731399536133,0.2492121011018753,0.12960785627365112,0.7508321404457092,0.552348256111145,0.2230338156223297,-0.4941832423210144,0.8780251741409302,0.5849132537841797,0.22086384892463684,0.11993943154811859,0.7128065824508667,0.5627002716064453,0.20858101546764374,-0.5492289662361145,0.8371899724006653,0.582460880279541,0.21753311157226562,0.09328694641590118,0.7240793704986572,0.5614390969276428,0.20209522545337677,-0.5242677330970764,0.837795615196228,0.5727410912513733,0.239583820104599,0.11256661266088486,0.7264602780342102,0.5595657825469971,0.2088196575641632,-0.4871482253074646,0.8105815052986145,0.49605923891067505,0.48085179924964905,0.10215924680233002,0.9999111890792847,0.46323972940444946,0.48002511262893677,-0.10208918154239655,0.9997969269752502,0.5149292349815369,0.591529905796051,0.14755302667617798,0.9532411098480225,0.4259726405143738,0.5901329517364502,-0.027602439746260643,0.9834673404693604,0.5261743068695068,0.6857362985610962,0.2881568968296051,0.9750281572341919,0.35869401693344116,0.6732132434844971,0.1219959482550621,0.9848176836967468,0.5190490484237671,0.703230082988739,0.29656344652175903,0.8947636485099792,0.34648871421813965,0.6777207851409912,0.13236062228679657,0.9042742848396301,0.5568350553512573,0.7137355208396912,0.19497765600681305,0.9603434205055237,0.35296010971069336,0.7147773504257202,0.02433491125702858,0.9748018383979797
203,0.4732361435890198,0.26454049348831177,-0.04190957173705101,0.999664306640625,0.46696120500564575,0.2634725570678711,-0.028940293937921524,0.9994375705718994,0.4656458795070648,0.2592073678970337,-0.029017845168709755,0.9992409348487854,0.4655117392539978,0.2590673565864563,-0.029108216986060143,0.9993877410888672,0.46585315465927124,0.26362305879592896,-0.06901075690984726,0.9995492100715637,0.465212881565094,0.2638152837753296,-0.06918057054281235,0.9994729161262512,0.4645358920097351,0.26384976506233215,-0.06917677819728851,0.9994811415672302,0.4578905701637268,0.26766300201416016,0.04855326935648918,0.9986405372619629,0.45659464597702026,0.26853013038635254,-0.13091805577278137,0.9990938901901245,0.4760514795780182,0.27545779943466187,-0.007615832146257162,0.9994315505027771,0.4744187295436859,0.27570730447769165,-0.05949736386537552,0.9992786645889282,0.45641082525253296,0.31222033500671387,0.1737005114555359,0.9997860789299011,0.4510820806026459,0.30841076374053955,-0.2476814240217209,0.999618411064148,0.5014463663101196,0.31032657623291016,0.2918820083141327,0.577603280544281,0.5153228044509888,0.29340821504592896,-0.3784871995449066,0.9266515374183655,0.5413997173309326,0.2675285339355469,0.3170270025730133,0.7049062252044678,0.5551453828811646,0.21710439026355743,-0.37819531559944153,0.8834481239318848,0.5507371425628662,0.25663620233535767,0.32496803998947144,0.6727397441864014,0.5658275485038757,0.20481503009796143,-0.42050671577453613,0.8437259793281555,0.550990641117096,0.253491073846817,0.2993277311325073,0.6832165122032166,0.5596667528152466,0.20188145339488983,-0.4009476602077484,0.8433587551116943,0.5481293201446533,0.2575632929801941,0.3036472797393799,0.687193751335144,0.5572366714477539,0.2053222954273224,-0.37079572677612305,0.8145815134048462,0.4794836938381195,0.47203516960144043,0.11530719697475433,0.9999163150787354,0.46522054076194763,0.47159624099731445,-0.11526641994714737,0.9998087286949158,0.5074516534805298,0.5766388177871704,0.1632964313030243,0.9444331526756287,0.4337552487850189,0.5817279815673828,-0.040128111839294434,0.9814178347587585,0.5241233110427856,0.6751450896263123,0.2358066290616989,0.9733340740203857,0.3591678738594055,0.6696639060974121,0.08033667504787445,0.9843315482139587,0.5170422792434692,0.6977659463882446,0.23879143595695496,0.8968418836593628,0.3449273109436035,0.6732650995254517,0.09012746810913086,0.9082775712013245,0.5510319471359253,0.7051800489425659,0.1607091724872589,0.9591895937919617,0.35205382108688354,0.7116791009902954,0.014187398366630077,0.9744866490364075
204,0.47622066736221313,0.258577823638916,-0.09397866576910019,0.9996756315231323,0.4715200364589691,0.24961760640144348,-0.08043885231018066,0.9994614720344543,0.4708433747291565,0.25315237045288086,-0.08052737265825272,0.9992707967758179,0.4710039496421814,0.2529188394546509,-0.08061888813972473,0.999414324760437,0.46849188208580017,0.2536277174949646,-0.11912499368190765,0.9995761513710022,0.46752411127090454,0.25396180152893066,-0.11927177011966705,0.9995065927505493,0.467308908700943,0.2580082416534424,-0.11927596479654312,0.9995107054710388,0.463491827249527,0.26158401370048523,0.004022636450827122,0.9987276792526245,0.45921963453292847,0.2634493112564087,-0.16773411631584167,0.9991602897644043,0.47934097051620483,0.2692577838897705,-0.05735208839178085,0.9994480609893799,0.47620663046836853,0.2693374752998352,-0.10705958306789398,0.9993016123771667,0.46732741594314575,0.3078564405441284,0.14048777520656586,0.9997804164886475,0.44697532057762146,0.3043326139450073,-0.28139978647232056,0.9996194243431091,0.503149151802063,0.29287827014923096,0.26608067750930786,0.5301780104637146,0.5099678635597229,0.2900789976119995,-0.416309654712677,0.9312856793403625,0.5318824648857117,0.23500223457813263,0.3148532509803772,0.6604639887809753,0.5444687008857727,0.21401861310005188,-0.4167340397834778,0.8850696086883545,0.5416138768196106,0.2333996742963791,0.3248994052410126,0.6327805519104004,0.5531420111656189,0.20291540026664734,-0.4589763283729553,0.8454922437667847,0.5422564744949341,0.23271267116069794,0.3005409836769104,0.6427178978919983,0.5446075201034546,0.20385336875915527,-0.4440935552120209,0.844042181968689,0.5394960045814514,0.23737962543964386,0.3020252287387848,0.6485725045204163,0.5441098213195801,0.20622114837169647,-0.41184669733047485,0.8131585121154785,0.48777633905410767,0.4775308072566986,0.12016335874795914,0.9999205470085144,0.4642239511013031,0.4798676073551178,-0.12003757059574127,0.999817967414856,0.5135502219200134,0.5873684883117676,0.18001963198184967,0.9375538229942322,0.42660006880760193,0.5950193405151367,-0.056532151997089386,0.9814111590385437,0.526417076587677,0.6854612827301025,0.27262869477272034,0.9724903702735901,0.35326138138771057,0.675895094871521,0.067824587225914,0.9847525954246521,0.5184214115142822,0.7045149803161621,0.27681323885917664,0.8992262482643127,0.33604636788368225,0.681125283241272,0.07744888216257095,0.9126752614974976,0.5653210282325745,0.7121559381484985,0.19271695613861084,0.9586586356163025,0.3541370630264282,0.7163580656051636,-0.008432663977146149,0.9751160740852356
205,0.48306289315223694,0.2711130380630493,-0.09724484384059906,0.9996927976608276,0.4761122167110443,0.2641555070877075,-0.08137195557355881,0.9994900822639465,0.47632139921188354,0.2641925811767578,-0.08145911991596222,0.9993065595626831,0.4763346314430237,0.26399052143096924,-0.08156780898571014,0.9994463920593262,0.4742916524410248,0.26421916484832764,-0.12099908292293549,0.9996055364608765,0.4741808772087097,0.2679590582847595,-0.12116038799285889,0.9995410442352295,0.4731746315956116,0.2678871154785156,-0.12116225063800812,0.9995434284210205,0.4683510661125183,0.2718811631202698,0.008775289170444012,0.9988168478012085,0.4659668505191803,0.27277040481567383,-0.1689652055501938,0.9992271065711975,0.485222727060318,0.28148728609085083,-0.059232186526060104,0.9994701147079468,0.48248839378356934,0.28172725439071655,-0.11058567464351654,0.9993323683738708,0.4673057496547699,0.3166572153568268,0.12821878492832184,0.999761164188385,0.4541729986667633,0.3154873251914978,-0.27529022097587585,0.9996163845062256,0.4939959645271301,0.27472880482673645,0.2069983035326004,0.49342718720436096,0.503918468952179,0.28159329295158386,-0.41784316301345825,0.9358822107315063,0.5186417102813721,0.2147238552570343,0.19974499940872192,0.6348481774330139,0.5401027202606201,0.20596766471862793,-0.4381779730319977,0.8888813853263855,0.5351117849349976,0.19696328043937683,0.1969733089208603,0.6111864447593689,0.549603283405304,0.19512587785720825,-0.48787862062454224,0.8500351309776306,0.5349147319793701,0.1975143849849701,0.17519576847553253,0.6202343106269836,0.5471154451370239,0.1949518322944641,-0.4671672284603119,0.8478884696960449,0.5323288440704346,0.20460298657417297,0.18563179671764374,0.6273617148399353,0.5415817499160767,0.19817081093788147,-0.4319760203361511,0.8163220286369324,0.4862852990627289,0.4876890182495117,0.11980871856212616,0.9999251365661621,0.46551114320755005,0.49234524369239807,-0.11973658949136734,0.9998295307159424,0.5115758180618286,0.5938761830329895,0.17557471990585327,0.9328930974006653,0.4272860586643219,0.597314715385437,-0.07622173428535461,0.9820698499679565,0.5254056453704834,0.6835311651229858,0.31174030900001526,0.9709078669548035,0.355043888092041,0.6773527264595032,0.11172971874475479,0.9851452112197876,0.5168516635894775,0.6995565891265869,0.3209676444530487,0.9007558822631836,0.33993858098983765,0.6794822216033936,0.12831731140613556,0.9174244999885559,0.5607726573944092,0.7131856679916382,0.24869975447654724,0.957456648349762,0.3510670065879822,0.7165337204933167,0.05879565328359604,0.9756272435188293
206,0.4826511740684509,0.2739107608795166,-0.09410936385393143,0.9997079372406006,0.47699013352394104,0.26553672552108765,-0.08085367828607559,0.9995187520980835,0.4772309362888336,0.2655027508735657,-0.0809222161769867,0.9993413090705872,0.4772922098636627,0.26516783237457275,-0.08100718259811401,0.9994773268699646,0.47556033730506897,0.2651536762714386,-0.11985375732183456,0.9996323585510254,0.4757649302482605,0.26960989832878113,-0.12002216279506683,0.9995711445808411,0.4751433730125427,0.2691323459148407,-0.12003381550312042,0.9995731115341187,0.46969395875930786,0.2727298140525818,0.0005283196223899722,0.9988982677459717,0.468730628490448,0.27292048931121826,-0.17468972504138947,0.9992850422859192,0.4843156933784485,0.28487494587898254,-0.05885595828294754,0.9994948506355286,0.4786302447319031,0.2846168279647827,-0.1095515713095665,0.9993654489517212,0.46522921323776245,0.31997162103652954,0.11379344761371613,0.9997570514678955,0.45499515533447266,0.3163979649543762,-0.27086934447288513,0.9996166825294495,0.4768647253513336,0.28172439336776733,0.2222248613834381,0.4648706316947937,0.4948968291282654,0.28068768978118896,-0.41405487060546875,0.9404312372207642,0.49258899688720703,0.22057223320007324,0.24143263697624207,0.6173597574234009,0.531395435333252,0.21110419929027557,-0.4428648054599762,0.8941105604171753,0.494087278842926,0.20682093501091003,0.24142208695411682,0.597725510597229,0.533393919467926,0.19841396808624268,-0.4918587803840637,0.8561376929283142,0.49422112107276917,0.2054302990436554,0.21871688961982727,0.6059095859527588,0.5331153273582458,0.19766032695770264,-0.47156476974487305,0.8534520864486694,0.4945846199989319,0.21049043536186218,0.22843816876411438,0.6139216423034668,0.5318911671638489,0.20056481659412384,-0.4368855059146881,0.8219742178916931,0.48340243101119995,0.49543991684913635,0.11142365634441376,0.9999287724494934,0.46675530076026917,0.49565666913986206,-0.11133219301700592,0.9998378157615662,0.5064671635627747,0.5955378413200378,0.17107528448104858,0.9296392798423767,0.42758798599243164,0.6028047204017639,-0.009567869827151299,0.9824441075325012,0.525387704372406,0.687076210975647,0.3032875955104828,0.9703578352928162,0.3523659110069275,0.6808615326881409,0.18064993619918823,0.9854874610900879,0.5162296891212463,0.7047856450080872,0.31222742795944214,0.9025478959083557,0.34130579233169556,0.6822182536125183,0.19667856395244598,0.9214683771133423,0.5506932139396667,0.7147720456123352,0.22955432534217834,0.9574093222618103,0.3511520326137543,0.7174301147460938,0.11916283518075943,0.9760491251945496
207,0.4917667508125305,0.26351651549339294,-0.0226532481610775,0.9997064471244812,0.48165661096572876,0.2573200464248657,-0.017514899373054504,0.9995211958885193,0.47968608140945435,0.2572082281112671,-0.017560452222824097,0.9993420839309692,0.4778175950050354,0.2570282518863678,-0.017617957666516304,0.9994816184043884,0.4841509759426117,0.258349746465683,-0.05672002583742142,0.9996467232704163,0.48395949602127075,0.2590445876121521,-0.05687091499567032,0.9995917677879333,0.483502060174942,0.25977274775505066,-0.05686911195516586,0.9995912909507751,0.47260674834251404,0.2627575993537903,0.035284481942653656,0.9989564418792725,0.47230425477027893,0.2649078369140625,-0.14069387316703796,0.99932461977005,0.49039769172668457,0.2746448516845703,0.003775183577090502,0.9994944930076599,0.4910075068473816,0.27522820234298706,-0.047267623245716095,0.9993741512298584,0.4635795056819916,0.31009477376937866,0.16520538926124573,0.999752938747406,0.47581201791763306,0.3075120449066162,-0.2605280578136444,0.999640703201294,0.48364129662513733,0.297812283039093,0.4030153155326843,0.4221048653125763,0.5090686082839966,0.2882816791534424,-0.4356025755405426,0.9430174231529236,0.5082350969314575,0.2577436864376068,0.6166152358055115,0.5655688643455505,0.5240136981010437,0.21834692358970642,-0.513245165348053,0.8929345011711121,0.5114876627922058,0.2481972724199295,0.6548076868057251,0.5493525266647339,0.5260787010192871,0.20520925521850586,-0.5622965097427368,0.8563152551651001,0.5159400701522827,0.2480030506849289,0.6276718974113464,0.5570343136787415,0.5241495966911316,0.2053283452987671,-0.5448687076568604,0.8531097173690796,0.5159204602241516,0.2517331838607788,0.6084075570106506,0.5655897855758667,0.5235864520072937,0.2077879011631012,-0.5099228024482727,0.8200671076774597,0.47680991888046265,0.48823481798171997,0.12690068781375885,0.9999316334724426,0.47021788358688354,0.4895969033241272,-0.12685398757457733,0.9998490810394287,0.507635235786438,0.6054361462593079,0.25240206718444824,0.9107358455657959,0.430624395608902,0.6030569076538086,-0.03171411156654358,0.9813082218170166,0.5260176062583923,0.68980872631073,0.36476537585258484,0.9658324122428894,0.3553832769393921,0.6788618564605713,0.0838218629360199,0.9856947660446167,0.5186044573783875,0.7078903913497925,0.37214395403862,0.9009328484535217,0.3500310182571411,0.6841440200805664,0.09455686062574387,0.9253415465354919,0.5569255352020264,0.7126579284667969,0.2987731695175171,0.954380214214325,0.3536710739135742,0.7214950919151306,0.013891918584704399,0.9766102433204651
208,0.4875165820121765,0.26862531900405884,-0.007709571160376072,0.999722957611084,0.4796646237373352,0.26053136587142944,-0.007294847164303064,0.9995548725128174,0.47086209058761597,0.25918492674827576,-0.007375030778348446,0.9993861317634583,0.4686003625392914,0.2589172124862671,-0.007442735135555267,0.9995188117027283,0.4806894361972809,0.26086747646331787,-0.04444778710603714,0.9996734261512756,0.48038944602012634,0.2609919607639313,-0.044597089290618896,0.9996220469474792,0.47999507188796997,0.26102781295776367,-0.04459086433053017,0.9996213316917419,0.46352338790893555,0.2681272029876709,0.025007758289575577,0.9990454912185669,0.4722515940666199,0.26898759603500366,-0.1426558494567871,0.9993775486946106,0.4835396409034729,0.27937498688697815,0.01143590547144413,0.9995154738426208,0.4871779978275299,0.2796911895275116,-0.03726564347743988,0.9993975758552551,0.4561997950077057,0.31136012077331543,0.13907626271247864,0.9997446537017822,0.4831762909889221,0.3046729862689972,-0.24711671471595764,0.9996421933174133,0.4728372097015381,0.2990250587463379,0.34120798110961914,0.38994669914245605,0.5376646518707275,0.273113489151001,-0.3149884343147278,0.9443138837814331,0.5014625787734985,0.25516819953918457,0.4757012724876404,0.5273066759109497,0.5371633768081665,0.2037520855665207,-0.2643095850944519,0.8855856657028198,0.5048738718032837,0.24498340487480164,0.5042427778244019,0.5152238607406616,0.5393542051315308,0.1920824944972992,-0.2946697771549225,0.848829984664917,0.5074605941772461,0.2432115525007248,0.4749281406402588,0.5225738883018494,0.5364922285079956,0.1922532021999359,-0.2826533019542694,0.8449379205703735,0.507680356502533,0.24685195088386536,0.46480894088745117,0.5322146415710449,0.5357425212860107,0.19518357515335083,-0.2595120668411255,0.811276912689209,0.47204431891441345,0.4848165512084961,0.11936309188604355,0.9999307990074158,0.4729886054992676,0.48558109998703003,-0.11925079673528671,0.9998546242713928,0.5043097734451294,0.5955340266227722,0.24282431602478027,0.8958848714828491,0.44589465856552124,0.593778669834137,-0.027915343642234802,0.980888307094574,0.5101102590560913,0.6879342794418335,0.3153102993965149,0.9621677398681641,0.3553430438041687,0.6779822111129761,0.07661213725805283,0.9855571985244751,0.5007954835891724,0.701920747756958,0.32017508149147034,0.9010323882102966,0.34152570366859436,0.6773766279220581,0.08745524287223816,0.9289730787277222,0.5501523613929749,0.7113633155822754,0.2606101930141449,0.9510622620582581,0.35575979948043823,0.7170404195785522,0.030422156676650047,0.9761908650398254
209,0.4912034869194031,0.26296019554138184,-0.061467625200748444,0.9997355937957764,0.48530301451683044,0.2540750503540039,-0.050437889993190765,0.9995778799057007,0.4799647927284241,0.25594720244407654,-0.050505630671978,0.9994131326675415,0.478605180978775,0.25592076778411865,-0.05058611184358597,0.9995450377464294,0.48503533005714417,0.25437673926353455,-0.09019065648317337,0.999694287776947,0.4844898283481598,0.25482121109962463,-0.09034723788499832,0.9996447563171387,0.4839637279510498,0.2550930678844452,-0.09033767133951187,0.9996451139450073,0.47520747780799866,0.2646636962890625,0.019010011106729507,0.999109148979187,0.47643208503723145,0.266478955745697,-0.16036193072795868,0.9994174242019653,0.4922577738761902,0.2738848924636841,-0.030377274379134178,0.9995197057723999,0.49152880907058716,0.274417519569397,-0.08241070806980133,0.9994043111801147,0.464984655380249,0.31121429800987244,0.13433268666267395,0.9996960759162903,0.4727645814418793,0.30907416343688965,-0.2591979205608368,0.9996092319488525,0.4792822003364563,0.27938979864120483,0.29563066363334656,0.3593297600746155,0.512488067150116,0.27453410625457764,-0.36562812328338623,0.9460803270339966,0.5031009316444397,0.22730235755443573,0.37851983308792114,0.4957799017429352,0.5177997946739197,0.20755541324615479,-0.36259782314300537,0.8830008506774902,0.5059627890586853,0.21514403820037842,0.39342638850212097,0.48857054114341736,0.5217369794845581,0.19589269161224365,-0.40302976965904236,0.8461326360702515,0.5074072480201721,0.21422910690307617,0.3666386604309082,0.4954971969127655,0.5186830759048462,0.19108343124389648,-0.3884672522544861,0.8416268229484558,0.507265567779541,0.21834731101989746,0.36603429913520813,0.5060805082321167,0.5163257122039795,0.19871801137924194,-0.3580819070339203,0.8074045181274414,0.476250559091568,0.4808279573917389,0.12095139175653458,0.9999251961708069,0.4684634804725647,0.4822869896888733,-0.12080012261867523,0.999852180480957,0.509913444519043,0.5902198553085327,0.2091907560825348,0.8879691958427429,0.43642908334732056,0.597469687461853,-0.04409612715244293,0.9814875721931458,0.5210193991661072,0.6838454008102417,0.31762537360191345,0.9602862596511841,0.3556308150291443,0.6791253685951233,0.10682643949985504,0.9858415126800537,0.5116295218467712,0.6992732286453247,0.32460087537765503,0.9012429118156433,0.35040369629859924,0.6795860528945923,0.1204521507024765,0.9321335554122925,0.5490034818649292,0.7107641100883484,0.2530058026313782,0.9499589800834656,0.35403138399124146,0.7223665118217468,0.04937659949064255,0.976533055305481
210,0.49176016449928284,0.2575799822807312,-0.048205628991127014,0.9997130036354065,0.4873977303504944,0.25189459323883057,-0.0374286025762558,0.9995692372322083,0.48116523027420044,0.24823853373527527,-0.03747806325554848,0.9993999004364014,0.48019465804100037,0.24771232903003693,-0.0375901497900486,0.9995420575141907,0.48653802275657654,0.2522692084312439,-0.07586698979139328,0.9996955394744873,0.481340229511261,0.25217804312705994,-0.07603484392166138,0.9996477961540222,0.480518639087677,0.2521458864212036,-0.07605306804180145,0.999650239944458,0.4722920358181,0.25573617219924927,0.03288829326629639,0.9991230368614197,0.4717986583709717,0.26098376512527466,-0.1393643021583557,0.9994291663169861,0.49153047800064087,0.2676512598991394,-0.016085566952824593,0.9994827508926392,0.49025002121925354,0.2677179276943207,-0.06619260460138321,0.999360978603363,0.4687414765357971,0.304557204246521,0.15134257078170776,0.9996026158332825,0.4629693031311035,0.3064916431903839,-0.23441556096076965,0.9995951652526855,0.4889780879020691,0.3008769154548645,0.3291834890842438,0.32826897501945496,0.5014066100120544,0.2910135090351105,-0.354516863822937,0.948272168636322,0.5060107111930847,0.26432639360427856,0.4257856011390686,0.4599530100822449,0.5158171653747559,0.219218447804451,-0.38292384147644043,0.8847643733024597,0.5067960023880005,0.25728556513786316,0.44362872838974,0.45674699544906616,0.5197197794914246,0.20454053580760956,-0.4237123131752014,0.8491389751434326,0.5092222094535828,0.2540387213230133,0.41518229246139526,0.46332570910453796,0.5168742537498474,0.19695666432380676,-0.4094111919403076,0.8443350195884705,0.5099073052406311,0.2567577362060547,0.4142652451992035,0.47444671392440796,0.5143526196479797,0.2060997188091278,-0.37819021940231323,0.8100352883338928,0.4783824384212494,0.4755081534385681,0.1126042976975441,0.9998980760574341,0.46713727712631226,0.4788382649421692,-0.1125330775976181,0.9998375177383423,0.44255465269088745,0.5871568918228149,0.20294351875782013,0.8678020238876343,0.4696572422981262,0.5896311402320862,0.00883919931948185,0.9801046848297119,0.4096774458885193,0.6755929589271545,0.31100818514823914,0.9509075284004211,0.45468276739120483,0.6808359026908875,0.148008331656456,0.9849734902381897,0.39621227979660034,0.692359209060669,0.3189440369606018,0.897331178188324,0.4453094005584717,0.6882935762405396,0.16260509192943573,0.9338881969451904,0.4274901747703552,0.6996241211891174,0.2578626871109009,0.9421297907829285,0.47878608107566833,0.7210406064987183,0.09936561435461044,0.9749127626419067
211,0.49340206384658813,0.2538786232471466,-0.06956781446933746,0.9996064901351929,0.48721975088119507,0.24455125629901886,-0.05387606471776962,0.9994698762893677,0.4872666299343109,0.24416454136371613,-0.0539122149348259,0.999255359172821,0.4874350130558014,0.24373634159564972,-0.05401461198925972,0.9994452595710754,0.4830663204193115,0.24359340965747833,-0.08760768175125122,0.9996434450149536,0.48214584589004517,0.2436104714870453,-0.0877959281206131,0.9995932579040527,0.48125338554382324,0.24349026381969452,-0.08785153180360794,0.9996121525764465,0.47822850942611694,0.24843767285346985,0.027943674474954605,0.9989445209503174,0.46783438324928284,0.25328513979911804,-0.12262682616710663,0.999370276927948,0.49300259351730347,0.26373693346977234,-0.03528856486082077,0.9992861747741699,0.49072393774986267,0.25834035873413086,-0.0789833515882492,0.9991902112960815,0.485093891620636,0.3011484742164612,0.13051259517669678,0.9992603063583374,0.45202723145484924,0.30202528834342957,-0.20887914299964905,0.9995073676109314,0.49888357520103455,0.279704213142395,0.2507706582546234,0.308239609003067,0.46811747550964355,0.2821114957332611,-0.3489891588687897,0.9500583410263062,0.49977126717567444,0.22579261660575867,0.30943867564201355,0.43867120146751404,0.4939039349555969,0.21955165266990662,-0.3777327835559845,0.8850075006484985,0.5015718340873718,0.215396910905838,0.3169192969799042,0.4364018440246582,0.4948112368583679,0.2083013951778412,-0.413120836019516,0.848556399345398,0.5001019239425659,0.21534565091133118,0.29804399609565735,0.4422869384288788,0.4933817982673645,0.20890279114246368,-0.40099233388900757,0.8433449864387512,0.5065392851829529,0.22964128851890564,0.29974448680877686,0.45451048016548157,0.492858350276947,0.21030287444591522,-0.3736293911933899,0.8093153238296509,0.4797346591949463,0.46708744764328003,0.09976454824209213,0.9998536705970764,0.46601057052612305,0.47030600905418396,-0.09990383684635162,0.9998155236244202,0.43459123373031616,0.58013916015625,0.1394203007221222,0.8602738976478577,0.486194908618927,0.5783904194831848,-0.052644021809101105,0.979317843914032,0.3711063265800476,0.6695495247840881,0.22883088886737823,0.9471505880355835,0.5145918726921082,0.6819759607315063,0.04255098104476929,0.983816385269165,0.35534703731536865,0.6848369836807251,0.23444803059101105,0.8982381820678711,0.5041055083274841,0.6989156007766724,0.04974215477705002,0.9325342178344727,0.3611883819103241,0.7103587985038757,0.1649826467037201,0.939204752445221,0.5430727005004883,0.7136873602867126,-0.03557458519935608,0.9731112122535706
212,0.4936754107475281,0.26124393939971924,-0.0522671714425087,0.9994556307792664,0.4857286810874939,0.2524188458919525,-0.038916751742362976,0.9993475079536438,0.48508602380752563,0.2519947290420532,-0.03894364461302757,0.9990672469139099,0.4845655560493469,0.2515489459037781,-0.03904050961136818,0.9993199706077576,0.48510879278182983,0.250301718711853,-0.07560546696186066,0.9995755553245544,0.4842529296875,0.25029194355010986,-0.07580386847257614,0.9995151162147522,0.4834972321987152,0.25010210275650024,-0.07588531076908112,0.9995585680007935,0.47655805945396423,0.253971666097641,0.032867442816495895,0.9986656904220581,0.4748786985874176,0.2609342932701111,-0.13103005290031433,0.9992805123329163,0.4942455291748047,0.26991087198257446,-0.02060074917972088,0.9990358948707581,0.4877890944480896,0.27007436752319336,-0.06821282207965851,0.9989463686943054,0.47758975625038147,0.3059050440788269,0.13824675977230072,0.9987639784812927,0.46362295746803284,0.30672013759613037,-0.2230006754398346,0.9993293285369873,0.48972710967063904,0.27685675024986267,0.27463117241859436,0.28435859084129333,0.48556938767433167,0.2864466905593872,-0.34234291315078735,0.9495296478271484,0.510299563407898,0.22310033440589905,0.33160698413848877,0.411542683839798,0.5024910569190979,0.2382875233888626,-0.34493932127952576,0.8800944089889526,0.5137832164764404,0.21121521294116974,0.34032467007637024,0.4123087227344513,0.505236029624939,0.2292710840702057,-0.3782806098461151,0.8432207703590393,0.5152223110198975,0.21115431189537048,0.31737345457077026,0.41796281933784485,0.505024254322052,0.22731895744800568,-0.37048983573913574,0.8375868201255798,0.5139197111129761,0.21553277969360352,0.31987857818603516,0.4315307140350342,0.5035622119903564,0.23064705729484558,-0.34183940291404724,0.8035705089569092,0.4783239960670471,0.47845038771629333,0.10453389585018158,0.9998031258583069,0.4672987461090088,0.4762822091579437,-0.10461826622486115,0.9997842311859131,0.42440515756607056,0.5851442813873291,0.16516244411468506,0.8505641222000122,0.5000268220901489,0.5854918956756592,-0.02379264310002327,0.9782646298408508,0.35911646485328674,0.6774938106536865,0.2517836093902588,0.9420521855354309,0.518567681312561,0.6841707229614258,0.07898382097482681,0.9819745421409607,0.3437406122684479,0.6888855695724487,0.2575211226940155,0.897981584072113,0.5089408755302429,0.7037169337272644,0.08742278069257736,0.9298689961433411,0.3569878935813904,0.7091069221496582,0.19162185490131378,0.9348058700561523,0.551791787147522,0.7110390663146973,0.009814458899199963,0.9699199199676514
213,0.4955630898475647,0.26686161756515503,-0.03313063085079193,0.9993721842765808,0.4877057671546936,0.2595721483230591,-0.02017725072801113,0.9992522597312927,0.48684364557266235,0.25938206911087036,-0.020182855427265167,0.9989187121391296,0.48608797788619995,0.2591676712036133,-0.020251832902431488,0.9992339611053467,0.48720407485961914,0.26065486669540405,-0.05535166710615158,0.9995290040969849,0.4845793843269348,0.25575917959213257,-0.05554591491818428,0.9994606375694275,0.48382067680358887,0.2556559443473816,-0.055618010461330414,0.999525249004364,0.47730669379234314,0.2659657597541809,0.04541103541851044,0.99847412109375,0.47560176253318787,0.2669939696788788,-0.11278729140758514,0.999218225479126,0.4939858317375183,0.26911914348602295,-0.004993463400751352,0.9988043904304504,0.49246472120285034,0.2761756479740143,-0.05085303261876106,0.9987618923187256,0.476273775100708,0.3134055733680725,0.1405383050441742,0.998325526714325,0.46591097116470337,0.3148963451385498,-0.20051422715187073,0.9991867542266846,0.47438111901283264,0.284032940864563,0.2846930921077728,0.26393187046051025,0.4768267273902893,0.2832462787628174,-0.3091428279876709,0.9492352604866028,0.49116820096969604,0.24118956923484802,0.3611602783203125,0.38684195280075073,0.4889494776725769,0.24166539311408997,-0.2881906032562256,0.8685246706008911,0.493622362613678,0.23185069859027863,0.37451833486557007,0.39037013053894043,0.48983854055404663,0.2324652373790741,-0.3159099817276001,0.8277143239974976,0.49582210183143616,0.23323340713977814,0.35075852274894714,0.3957260549068451,0.4900168478488922,0.23421713709831238,-0.30607011914253235,0.821293294429779,0.4948897957801819,0.23640283942222595,0.34976524114608765,0.4102880656719208,0.4892851412296295,0.2377292662858963,-0.28463491797447205,0.7878440618515015,0.4757343828678131,0.4787277579307556,0.10712506622076035,0.9997439980506897,0.4674712121486664,0.477888286113739,-0.10719599574804306,0.9997468590736389,0.43356457352638245,0.5781909227371216,0.17491455376148224,0.8336109519004822,0.49583667516708374,0.5810672044754028,-0.06114882230758667,0.9778196811676025,0.3606967329978943,0.6747834086418152,0.24790289998054504,0.9362664818763733,0.5073943734169006,0.6817656755447388,0.021304301917552948,0.9807696342468262,0.3546200096607208,0.6874158382415771,0.2518332600593567,0.8967863321304321,0.47392386198043823,0.6944316625595093,0.02779420092701912,0.9288063049316406,0.36272162199020386,0.7073200941085815,0.19056835770606995,0.9305325150489807,0.5219795107841492,0.7164009809494019,-0.04943019151687622,0.9678717255592346
214,0.4869329035282135,0.2580091953277588,-0.024433763697743416,0.9993112087249756,0.47912150621414185,0.251209557056427,-0.012783518061041832,0.9991923570632935,0.4782792627811432,0.251076877117157,-0.012785850092768669,0.9988230466842651,0.47753238677978516,0.25090599060058594,-0.012839341536164284,0.9991858005523682,0.47967520356178284,0.2504822313785553,-0.04625607281923294,0.9994961619377136,0.4791918694972992,0.25042229890823364,-0.046441249549388885,0.9994219541549683,0.4786469340324402,0.25009527802467346,-0.04650479555130005,0.9995050430297852,0.46859997510910034,0.2578009366989136,0.04875864461064339,0.9983659982681274,0.4700624346733093,0.2610330581665039,-0.10139614343643188,0.9991716146469116,0.48653116822242737,0.26729077100753784,0.0024871076457202435,0.9986348748207092,0.4876483976840973,0.2632405161857605,-0.04114806652069092,0.9985900521278381,0.4723965525627136,0.3083336651325226,0.14168959856033325,0.9978241324424744,0.4654149115085602,0.30889713764190674,-0.18236598372459412,0.9989956021308899,0.486439049243927,0.2836948037147522,0.28517892956733704,0.2475108504295349,0.49041634798049927,0.2765325903892517,-0.26600009202957153,0.9477438926696777,0.49934282898902893,0.2428876906633377,0.3653518259525299,0.36389845609664917,0.4979246258735657,0.2326323688030243,-0.22412137687206268,0.8541048169136047,0.5000791549682617,0.23346176743507385,0.38039568066596985,0.36878469586372375,0.4975641667842865,0.22205904126167297,-0.24909254908561707,0.8099201321601868,0.5017411708831787,0.23500630259513855,0.3576532304286957,0.3739619255065918,0.495649516582489,0.22459201514720917,-0.24175067245960236,0.80281662940979,0.5016211271286011,0.23844079673290253,0.35507693886756897,0.3892318904399872,0.4956232011318207,0.22869186103343964,-0.22121362388134003,0.7700234055519104,0.4763711392879486,0.46742597222328186,0.09922284632921219,0.999686062335968,0.46728888154029846,0.4697045683860779,-0.09923478960990906,0.9997186660766602,0.4318488538265228,0.5734792351722717,0.1614493727684021,0.8165455460548401,0.4813012182712555,0.5795912742614746,-0.06353380531072617,0.9771307706832886,0.366211861371994,0.675387442111969,0.2266421616077423,0.9280866980552673,0.5109837651252747,0.6817336678504944,0.0007273736991919577,0.979382336139679,0.3595365285873413,0.6838467121124268,0.23009994626045227,0.8928675651550293,0.5009366869926453,0.7005338668823242,0.0057159713469445705,0.9274224042892456,0.36754441261291504,0.702079713344574,0.16828955709934235,0.9240973591804504,0.530217170715332,0.7203770875930786,-0.07269942760467529,0.9653030633926392
215,0.5046496987342834,0.2769554853439331,-0.09649188071489334,0.9992126226425171,0.5001451969146729,0.2660685181617737,-0.08315367251634598,0.9990063905715942,0.4995357096195221,0.26526761054992676,-0.08316171914339066,0.9985398650169373,0.4990360140800476,0.2644232511520386,-0.08320559561252594,0.9989739656448364,0.4984862804412842,0.26709818840026855,-0.11935140192508698,0.999400794506073,0.49684104323387146,0.26704293489456177,-0.11954723298549652,0.9993231892585754,0.4949372410774231,0.26700347661972046,-0.11959769576787949,0.9994165897369385,0.48476704955101013,0.25722837448120117,-0.0038596629165112972,0.9979805946350098,0.48167651891708374,0.2676728069782257,-0.16630446910858154,0.9990791082382202,0.4999215006828308,0.2841491103172302,-0.06176358461380005,0.998320460319519,0.4984486699104309,0.28544992208480835,-0.10890094935894012,0.9983726143836975,0.479058176279068,0.30282342433929443,0.11414985358715057,0.9978872537612915,0.45595961809158325,0.30558469891548157,-0.24532072246074677,0.9990241527557373,0.48338764905929565,0.2855963408946991,0.2611699402332306,0.22891660034656525,0.4679228365421295,0.28671956062316895,-0.34038257598876953,0.9483823776245117,0.48770707845687866,0.2531844973564148,0.3670509159564972,0.33680111169815063,0.4878557622432709,0.2448878288269043,-0.28684139251708984,0.8448823094367981,0.48860639333724976,0.24657347798347473,0.3858014941215515,0.3413783609867096,0.4928898215293884,0.23592856526374817,-0.31138256192207336,0.796055793762207,0.4913865923881531,0.24862214922904968,0.36778947710990906,0.3459679186344147,0.49304112792015076,0.23681311309337616,-0.2993432581424713,0.7880056500434875,0.49090614914894104,0.25115475058555603,0.35897645354270935,0.3607479929924011,0.489912211894989,0.24035575985908508,-0.28110548853874207,0.7524458765983582,0.4886346459388733,0.46991729736328125,0.10883627086877823,0.9996916651725769,0.46708542108535767,0.4722745418548584,-0.1088593602180481,0.9997190237045288,0.501085638999939,0.5743154883384705,0.13953126966953278,0.8169125318527222,0.4296185374259949,0.5844932794570923,-0.087458536028862,0.9768016338348389,0.5152686834335327,0.6819068789482117,0.21110334992408752,0.9292370080947876,0.3591174781322479,0.6740520596504211,-0.008210942149162292,0.979531466960907,0.5060794949531555,0.7012253999710083,0.21281222999095917,0.8924875259399414,0.348114937543869,0.6796552538871765,-0.004062070045620203,0.9266576170921326,0.5476492643356323,0.7086986899375916,0.12602631747722626,0.9252825975418091,0.35479241609573364,0.7143064141273499,-0.10084947198629379,0.9659892916679382
216,0.4968284070491791,0.25691622495651245,-0.10242822021245956,0.9988428950309753,0.4903024733066559,0.24192793667316437,-0.08815605193376541,0.9984256029129028,0.49102720618247986,0.24739520251750946,-0.08817392587661743,0.9976911544799805,0.49107569456100464,0.24714286625385284,-0.088238924741745,0.9983174800872803,0.4881725311279297,0.24210314452648163,-0.12085439264774323,0.9990413784980774,0.48276853561401367,0.24205002188682556,-0.12103066593408585,0.9989369511604309,0.48143234848976135,0.24184980988502502,-0.12107393890619278,0.9990738034248352,0.4816402494907379,0.2512288987636566,-0.004909981973469257,0.9966844916343689,0.4725533127784729,0.2538183331489563,-0.1506461501121521,0.9985840320587158,0.4954968988895416,0.2667306661605835,-0.06673421710729599,0.9971553087234497,0.49233442544937134,0.267489492893219,-0.10902760177850723,0.9972938895225525,0.485954225063324,0.29911699891090393,0.10163837671279907,0.9974969029426575,0.4544830918312073,0.298248827457428,-0.22273297607898712,0.9987419247627258,0.5043724179267883,0.2642779052257538,0.1897544413805008,0.22363649308681488,0.47006091475486755,0.2715620994567871,-0.3056647479534149,0.9468477964401245,0.48559126257896423,0.214991956949234,0.217535138130188,0.33038806915283203,0.4708510935306549,0.2109922170639038,-0.28363877534866333,0.8405914902687073,0.48079046607017517,0.20449092984199524,0.21873636543750763,0.3329990804195404,0.46867436170578003,0.20086388289928436,-0.3144434690475464,0.7912585139274597,0.4787518382072449,0.20582465827465057,0.20420894026756287,0.33669984340667725,0.46794992685317993,0.2019471824169159,-0.309548944234848,0.7829301953315735,0.47965607047080994,0.2084902822971344,0.2084909975528717,0.3508381247520447,0.4686266779899597,0.20463767647743225,-0.2819773256778717,0.7458895444869995,0.487140953540802,0.45859724283218384,0.0998026430606842,0.9996576905250549,0.466984361410141,0.46303901076316833,-0.09981470555067062,0.9996713995933533,0.4983373284339905,0.5734459161758423,0.1244869977235794,0.8136522769927979,0.4322146773338318,0.5814296007156372,-0.0886441022157669,0.9756709933280945,0.5156078338623047,0.681290864944458,0.1982806921005249,0.9289619326591492,0.3660443127155304,0.6759809255599976,-0.0047922744415700436,0.9790442585945129,0.5063672661781311,0.7010230422019958,0.20005202293395996,0.8910191059112549,0.35443437099456787,0.6859647631645203,-0.0011794448364526033,0.9246158003807068,0.5464011430740356,0.7091211676597595,0.10733266174793243,0.9246549010276794,0.3544018864631653,0.7166411280632019,-0.10635609924793243,0.96531081199646
217,0.47609180212020874,0.26716262102127075,-0.09640556573867798,0.998742938041687,0.4773533344268799,0.25884002447128296,-0.09029076993465424,0.9982942938804626,0.4774337708950043,0.2587801218032837,-0.0902850329875946,0.9974890947341919,0.4770389497280121,0.25859636068344116,-0.09030348062515259,0.9981984496116638,0.4765540063381195,0.2584429383277893,-0.10703206062316895,0.9988507032394409,0.47612231969833374,0.2581723928451538,-0.10722453892230988,0.9986615180969238,0.47534170746803284,0.25784245133399963,-0.10729511827230453,0.9988903999328613,0.47565436363220215,0.2677927017211914,-0.03997498378157616,0.9960481524467468,0.4707339406013489,0.2740063965320587,-0.11207805573940277,0.9981051683425903,0.4837665557861328,0.28387534618377686,-0.07302934676408768,0.9965816140174866,0.48164987564086914,0.2862674593925476,-0.09396899491548538,0.9964114427566528,0.4848061203956604,0.31732505559921265,0.02764727547764778,0.9975346326828003,0.46938347816467285,0.3156925141811371,-0.1502494364976883,0.998580276966095,0.46287280321121216,0.3216949701309204,0.05280750244855881,0.2366989105939865,0.47977858781814575,0.2857053279876709,-0.17217257618904114,0.9386820197105408,0.4384121298789978,0.30554452538490295,0.039681874215602875,0.33408910036087036,0.46148166060447693,0.23919455707073212,-0.09542425721883774,0.8247088193893433,0.43156617879867554,0.30445921421051025,0.03170955553650856,0.335245817899704,0.45613807439804077,0.2273317128419876,-0.11672991514205933,0.7714185118675232,0.43300873041152954,0.30595555901527405,0.01801251992583275,0.3382005989551544,0.4521793723106384,0.23033687472343445,-0.1137642115354538,0.7624344229698181,0.43530863523483276,0.30608975887298584,0.03145277127623558,0.3507113456726074,0.4536217749118805,0.23490898311138153,-0.09474075585603714,0.7263720035552979,0.4890882074832916,0.4770743250846863,0.05917780473828316,0.999663233757019,0.4665354788303375,0.47271227836608887,-0.05914001539349556,0.9996654391288757,0.49501505494117737,0.5804331302642822,0.08068907260894775,0.8196038603782654,0.428374707698822,0.578278124332428,-0.04404190927743912,0.9755234122276306,0.5175135731697083,0.6837772130966187,0.16201306879520416,0.9312251210212708,0.3704071342945099,0.672800600528717,0.05639858916401863,0.9780153036117554,0.5081643462181091,0.7054192423820496,0.1646830141544342,0.8893563747406006,0.381104439496994,0.6901954412460327,0.06067517399787903,0.9192479252815247,0.5355466604232788,0.7074803113937378,0.05998944118618965,0.9263476729393005,0.3671349883079529,0.7020921111106873,-0.046649590134620667,0.964015007019043
218,0.49060267210006714,0.268537312746048,-0.1515849232673645,0.9986364245414734,0.48582449555397034,0.25993889570236206,-0.1363532543182373,0.9981396794319153,0.48630982637405396,0.25949791073799133,-0.13633738458156586,0.9972012042999268,0.4869055151939392,0.2590172290802002,-0.13636694848537445,0.9980025291442871,0.48461776971817017,0.25349706411361694,-0.16358628869056702,0.9987611174583435,0.4838358759880066,0.25814270973205566,-0.16379106044769287,0.9985366463661194,0.4827865660190582,0.2579317092895508,-0.16387349367141724,0.9988090991973877,0.4820416569709778,0.2634558379650116,-0.04882203787565231,0.995556652545929,0.4705730378627777,0.2687545418739319,-0.16971959173679352,0.9980237483978271,0.4924720823764801,0.2772444486618042,-0.11460499465465546,0.9961947202682495,0.48841309547424316,0.27915289998054504,-0.14972659945487976,0.9961374402046204,0.49492016434669495,0.30515721440315247,0.04853443056344986,0.9974616169929504,0.4590832591056824,0.3104534149169922,-0.2121911495923996,0.9984844923019409,0.49954336881637573,0.2625981569290161,0.11472596973180771,0.24895647168159485,0.4652266502380371,0.26599305868148804,-0.2628597617149353,0.9389776587486267,0.4777354598045349,0.21274182200431824,0.13040608167648315,0.3404230773448944,0.47170132398605347,0.21182572841644287,-0.17603124678134918,0.8163108229637146,0.4802578091621399,0.20094089210033417,0.12813593447208405,0.3376089036464691,0.4693339467048645,0.2031697928905487,-0.1978292018175125,0.7558958530426025,0.4799242615699768,0.20343546569347382,0.11484922468662262,0.33970892429351807,0.4670967161655426,0.20654316246509552,-0.1903620958328247,0.7457457780838013,0.4815119802951813,0.20790183544158936,0.12169309705495834,0.3524323105812073,0.4667413830757141,0.21118295192718506,-0.17263993620872498,0.7097309827804565,0.4958277642726898,0.46717602014541626,0.08380093425512314,0.9996569156646729,0.46241578459739685,0.4652097225189209,-0.08374808728694916,0.9996491074562073,0.5104156732559204,0.5741210579872131,0.10529245436191559,0.8212777376174927,0.43905824422836304,0.5788182020187378,-0.06337476521730423,0.9756792187690735,0.5151238441467285,0.6779237985610962,0.20250067114830017,0.9309714436531067,0.36529332399368286,0.672966480255127,0.026847874745726585,0.9772665500640869,0.5051788687705994,0.6944951415061951,0.20692160725593567,0.8875574469566345,0.3547990024089813,0.677986204624176,0.029996488243341446,0.9151265025138855,0.5411832332611084,0.7044386863708496,0.10612660646438599,0.9262548685073853,0.3683507442474365,0.7072173357009888,-0.08840996772050858,0.9631127715110779
219,0.4922768473625183,0.26518768072128296,-0.18228746950626373,0.9974290132522583,0.48817235231399536,0.2542608976364136,-0.17016497254371643,0.9966543316841125,0.48875659704208374,0.25354668498039246,-0.17016857862472534,0.9950522780418396,0.48944368958473206,0.2527850568294525,-0.17022369801998138,0.9963401556015015,0.4845089018344879,0.2557882070541382,-0.19549918174743652,0.9975116848945618,0.4825073182582855,0.2562260627746582,-0.19569408893585205,0.9970191717147827,0.48024114966392517,0.2566642761230469,-0.19579282402992249,0.9976471066474915,0.48423439264297485,0.25517362356185913,-0.08775433897972107,0.9908791780471802,0.4716205596923828,0.26080191135406494,-0.19905836880207062,0.9961845278739929,0.4936424195766449,0.27380436658859253,-0.14552640914916992,0.9921889305114746,0.4890609383583069,0.2758246064186096,-0.17791612446308136,0.9920493960380554,0.4934067726135254,0.29933691024780273,0.01640310510993004,0.9962033033370972,0.4572997987270355,0.3014005124568939,-0.2356848418712616,0.9976598620414734,0.4866636395454407,0.274885356426239,0.049367260187864304,0.24682103097438812,0.4589105248451233,0.27252304553985596,-0.27123403549194336,0.9340285658836365,0.4579307436943054,0.2217540740966797,0.026357006281614304,0.33216556906700134,0.4573482573032379,0.21745312213897705,-0.21128037571907043,0.8052784204483032,0.44350916147232056,0.22083668410778046,0.01632324978709221,0.3279048502445221,0.4587981104850769,0.20836082100868225,-0.23846694827079773,0.7437434196472168,0.4442117214202881,0.22109489142894745,0.005117166321724653,0.3290926516056061,0.45842474699020386,0.20702406764030457,-0.23240944743156433,0.7329985499382019,0.4478800892829895,0.22447626292705536,0.018127474933862686,0.3405348062515259,0.4575435221195221,0.2111770659685135,-0.20783431828022003,0.695317804813385,0.4940580725669861,0.462930291891098,0.08120854943990707,0.9995260238647461,0.4614226222038269,0.46025484800338745,-0.08118777722120285,0.9995228052139282,0.503969132900238,0.5744858980178833,0.10403217375278473,0.8142186999320984,0.43990230560302734,0.5811245441436768,-0.06558641791343689,0.9738344550132751,0.5149675011634827,0.6761643290519714,0.2075572907924652,0.925575852394104,0.36396366357803345,0.6715120673179626,0.035187769681215286,0.9746301770210266,0.5055850148200989,0.6912974715232849,0.21262530982494354,0.879249632358551,0.3688213527202606,0.6802988648414612,0.03925919905304909,0.9061654210090637,0.5409985780715942,0.704264223575592,0.11263837665319443,0.920592188835144,0.36775171756744385,0.7066006660461426,-0.0766548216342926,0.9592728614807129
220,0.4729214310646057,0.24673786759376526,-0.082943856716156,0.9974424242973328,0.4638497233390808,0.22804589569568634,-0.0678185299038887,0.9966949820518494,0.4640091061592102,0.2276933491230011,-0.06780502200126648,0.9951122403144836,0.463982492685318,0.22735759615898132,-0.067787304520607,0.9963467121124268,0.46261805295944214,0.22857575118541718,-0.08782776445150375,0.9975499510765076,0.4542390704154968,0.22697415947914124,-0.08801108598709106,0.9970707297325134,0.4537244737148285,0.2273234874010086,-0.08807982504367828,0.9976904988288879,0.47492653131484985,0.23649807274341583,0.018831366673111916,0.9909057021141052,0.45389193296432495,0.24408075213432312,-0.06646160781383514,0.9963085055351257,0.47866982221603394,0.2550199627876282,-0.04607737064361572,0.9922637939453125,0.47093573212623596,0.2579590082168579,-0.07103116810321808,0.9922382235527039,0.49866074323654175,0.2823917865753174,0.10029808431863785,0.9963223338127136,0.4436669945716858,0.28755712509155273,-0.12116865068674088,0.9977772235870361,0.4937216639518738,0.2713213860988617,0.12315114587545395,0.2559203505516052,0.44125670194625854,0.28366217017173767,-0.18997736275196075,0.9352079033851624,0.4593171179294586,0.21427445113658905,0.12909452617168427,0.3346593976020813,0.44766783714294434,0.2251417338848114,-0.1748373806476593,0.8067808747291565,0.44595423340797424,0.20861415565013885,0.12149913609027863,0.3245253562927246,0.4502626359462738,0.21141572296619415,-0.20384764671325684,0.7423242926597595,0.4458732008934021,0.20800013840198517,0.11602584272623062,0.3244060277938843,0.4473384916782379,0.2093929797410965,-0.1957242637872696,0.7308317422866821,0.44908466935157776,0.21235819160938263,0.1241619810461998,0.3351157307624817,0.44644755125045776,0.21519307792186737,-0.17182274162769318,0.6923437714576721,0.49774545431137085,0.44744229316711426,0.06985273957252502,0.999508798122406,0.45556408166885376,0.4436066150665283,-0.06982983648777008,0.9995077848434448,0.4920732378959656,0.5634193420410156,0.06827568262815475,0.8072106242179871,0.44379574060440063,0.5695027112960815,-0.07174377888441086,0.968923807144165,0.5159499049186707,0.6791442036628723,0.13887740671634674,0.9217875599861145,0.36700165271759033,0.6705477833747864,-0.016144124791026115,0.9709091782569885,0.507092297077179,0.6944701671600342,0.14001253247261047,0.8733215928077698,0.367705762386322,0.6819442510604858,-0.01614091359078884,0.8944603204727173,0.5445386171340942,0.7082950472831726,0.03262273222208023,0.9167969226837158,0.3723369836807251,0.7024933099746704,-0.13913388550281525,0.9555701017379761
221,0.47269368171691895,0.23913097381591797,-0.09082648158073425,0.9975278377532959,0.4697064757347107,0.22896721959114075,-0.07609976083040237,0.9967843294143677,0.4709886908531189,0.2282399833202362,-0.07611917704343796,0.9952375888824463,0.47237104177474976,0.2274690419435501,-0.076136015355587,0.9964132905006409,0.46165019273757935,0.22861286997795105,-0.09962613135576248,0.9976230263710022,0.460801899433136,0.22880467772483826,-0.09980893135070801,0.9971635937690735,0.4599001407623291,0.2288229912519455,-0.09989243000745773,0.9977607131004333,0.46835455298423767,0.23303771018981934,0.005879528354853392,0.9911311864852905,0.45564740896224976,0.23237070441246033,-0.09590849280357361,0.9964566826820374,0.4770037531852722,0.2489459067583084,-0.05629352852702141,0.992587685585022,0.4705085754394531,0.2516060471534729,-0.0860002264380455,0.9926170110702515,0.492896169424057,0.2879835069179535,0.09451713413000107,0.9963866472244263,0.4452857971191406,0.28930801153182983,-0.15668447315692902,0.9977324604988098,0.5045716166496277,0.2817555069923401,0.15567870438098907,0.257593035697937,0.45800185203552246,0.2778698205947876,-0.20392051339149475,0.9339122772216797,0.47723203897476196,0.2371465265750885,0.1844903528690338,0.32465314865112305,0.46490660309791565,0.234085351228714,-0.11913041025400162,0.7929394841194153,0.4697888493537903,0.22823934257030487,0.18284261226654053,0.31125208735466003,0.4675527513027191,0.2239387333393097,-0.13660240173339844,0.7229820489883423,0.46920672059059143,0.22816047072410583,0.1745619922876358,0.31055888533592224,0.4637734293937683,0.22612449526786804,-0.1326759159564972,0.7102415561676025,0.47138553857803345,0.2318144291639328,0.1786009818315506,0.3211590647697449,0.46300211548805237,0.23065133392810822,-0.11613084375858307,0.6710450649261475,0.48750215768814087,0.4519170820713043,0.07181935012340546,0.9995023012161255,0.4657231271266937,0.4475451111793518,-0.07177537679672241,0.999481737613678,0.5141162872314453,0.5693652033805847,0.05961712449789047,0.8116608262062073,0.42335838079452515,0.5653892159461975,-0.066336989402771,0.9676286578178406,0.5202366709709167,0.6832358837127686,0.13869889080524445,0.9231746196746826,0.36535000801086426,0.6761986017227173,0.0046842750161886215,0.9693335294723511,0.512053370475769,0.7022808790206909,0.14085596799850464,0.8719321489334106,0.35144495964050293,0.6864526867866516,0.006105626001954079,0.8863649964332581,0.5494006872177124,0.7075713872909546,0.03449438139796257,0.9170947074890137,0.3679957091808319,0.7089290618896484,-0.11380410194396973,0.9533616900444031
222,0.4795621931552887,0.23673944175243378,-0.06256750971078873,0.9977229833602905,0.4663098454475403,0.2253142148256302,-0.04568834230303764,0.9970057606697083,0.466226190328598,0.22559718787670135,-0.04566345363855362,0.995563268661499,0.466040700674057,0.22577515244483948,-0.04565410315990448,0.9966641664505005,0.4656786024570465,0.2256624400615692,-0.07612582296133041,0.9978082180023193,0.4651939272880554,0.2260970175266266,-0.07631256431341171,0.9973936080932617,0.4646509289741516,0.22639639675617218,-0.07634342461824417,0.9979398250579834,0.46586593985557556,0.23196709156036377,0.0410676933825016,0.9918454885482788,0.45857277512550354,0.23098018765449524,-0.09402196854352951,0.9967585802078247,0.4821358323097229,0.2468729019165039,-0.02694288268685341,0.9931522011756897,0.4776410162448883,0.24808283150196075,-0.06620614230632782,0.9932340979576111,0.48659366369247437,0.2872809171676636,0.1393277645111084,0.9966083765029907,0.451332151889801,0.28055399656295776,-0.16215963661670685,0.9978951811790466,0.49626436829566956,0.2592046558856964,0.23847122490406036,0.267199844121933,0.44610071182250977,0.24808594584465027,-0.22440120577812195,0.9371035099029541,0.46366873383522034,0.22008351981639862,0.2965795695781708,0.32722291350364685,0.44519537687301636,0.217380553483963,-0.1472470462322235,0.7905923128128052,0.4541859030723572,0.21283969283103943,0.30225834250450134,0.3092289865016937,0.44328317046165466,0.20896057784557343,-0.16994990408420563,0.7152853012084961,0.451911598443985,0.21492616832256317,0.2903307378292084,0.307634562253952,0.4440525472164154,0.21554553508758545,-0.1624416708946228,0.7018294930458069,0.45512229204177856,0.2180478274822235,0.29003533720970154,0.31795534491539,0.4446888566017151,0.2199082374572754,-0.14430683851242065,0.662786066532135,0.48733872175216675,0.45260176062583923,0.09936115890741348,0.9995319247245789,0.46576374769210815,0.45030635595321655,-0.09935377538204193,0.9995074272155762,0.4992520809173584,0.5702131986618042,0.09987740218639374,0.8104165196418762,0.44982320070266724,0.5729808807373047,-0.10569554567337036,0.9683753252029419,0.5206678509712219,0.683555006980896,0.1525142639875412,0.9254254698753357,0.3614439368247986,0.6783660054206848,-0.051765818148851395,0.9703404903411865,0.5103695392608643,0.7050729990005493,0.1521161049604416,0.874845564365387,0.35080277919769287,0.6869192719459534,-0.05092809721827507,0.8892525434494019,0.5557210445404053,0.7122267484664917,0.05538945272564888,0.9195052981376648,0.36149078607559204,0.7184923887252808,-0.15956833958625793,0.9549129605293274
223,0.4835938513278961,0.2523065209388733,-0.08276654034852982,0.997871458530426,0.4823136329650879,0.24242372810840607,-0.06311202794313431,0.9971967935562134,0.48436516523361206,0.24206766486167908,-0.0630718320608139,0.9958392977714539,0.4864984452724457,0.24165865778923035,-0.0630161240696907,0.9968688488006592,0.47504955530166626,0.24298140406608582,-0.08685573190450668,0.9979603886604309,0.4721425473690033,0.24311819672584534,-0.08705095201730728,0.9975758194923401,0.4689854681491852,0.2432672530412674,-0.08710977435112,0.9980867505073547,0.4855581820011139,0.24497398734092712,0.038067106157541275,0.9923422336578369,0.4616146683692932,0.24765703082084656,-0.06579999625682831,0.997002363204956,0.4881817698478699,0.2615184187889099,-0.041750866919755936,0.9935296773910522,0.47941216826438904,0.26263484358787537,-0.07206834107637405,0.9937083721160889,0.5035113096237183,0.29358357191085815,0.12327520549297333,0.9967871904373169,0.4465278685092926,0.2874017357826233,-0.12298671901226044,0.9980515837669373,0.4901943802833557,0.27408647537231445,0.1558498591184616,0.27460646629333496,0.43830442428588867,0.2649915814399719,-0.1816229522228241,0.9408278465270996,0.44860896468162537,0.22949543595314026,0.1626744270324707,0.32908809185028076,0.4434066414833069,0.22707049548625946,-0.12216824293136597,0.7943166494369507,0.43767017126083374,0.22122332453727722,0.155382439494133,0.3069044053554535,0.4505378305912018,0.2196347415447235,-0.14369149506092072,0.7137662172317505,0.4370907247066498,0.2217865288257599,0.15069237351417542,0.30416014790534973,0.44984468817710876,0.2244812548160553,-0.13521812856197357,0.6995335221290588,0.4402928948402405,0.22509047389030457,0.15762192010879517,0.3139501214027405,0.4499099850654602,0.22918753325939178,-0.11801109462976456,0.6605927348136902,0.49160903692245483,0.45173129439353943,0.08042905479669571,0.9995430707931519,0.4626848101615906,0.44837960600852966,-0.08045355975627899,0.9995183944702148,0.495949923992157,0.5712220668792725,0.07641204446554184,0.8089420199394226,0.4451591372489929,0.5721316337585449,-0.08295033872127533,0.9672410488128662,0.5163585543632507,0.6799172759056091,0.1526254415512085,0.9252220988273621,0.36316055059432983,0.6728661060333252,-0.0238072257488966,0.9695658087730408,0.506232738494873,0.7016822695732117,0.1541031450033188,0.874357283115387,0.3636409044265747,0.6825986504554749,-0.023492565378546715,0.8845170140266418,0.5460305213928223,0.709538459777832,0.04955665022134781,0.9198272824287415,0.36554473638534546,0.7086989879608154,-0.14626361429691315,0.9545179605484009
224,0.48462677001953125,0.2543371319770813,-0.13020619750022888,0.9980368614196777,0.47972965240478516,0.2439257651567459,-0.10967065393924713,0.9974103569984436,0.4860171675682068,0.2404385358095169,-0.10964690148830414,0.9961474537849426,0.4864497780799866,0.24018594622612,-0.1095978245139122,0.9970861673355103,0.47631287574768066,0.24376341700553894,-0.13088321685791016,0.9981244802474976,0.47477254271507263,0.24379663169384003,-0.13103345036506653,0.9977713823318481,0.4663846492767334,0.24269108474254608,-0.13108353316783905,0.9982395172119141,0.48576417565345764,0.24930846691131592,-0.002552950056269765,0.9929112792015076,0.46202486753463745,0.25304925441741943,-0.09412147849798203,0.9972541928291321,0.4895525872707367,0.2642304301261902,-0.08752041310071945,0.9940304160118103,0.4799502491950989,0.2663741707801819,-0.1142316460609436,0.9942307472229004,0.5046901106834412,0.29153215885162354,0.07425884902477264,0.9968912601470947,0.45077353715896606,0.29451656341552734,-0.15476112067699432,0.9981623888015747,0.49329495429992676,0.2806857228279114,0.09718193113803864,0.29683664441108704,0.4433435797691345,0.2885085940361023,-0.31452396512031555,0.9454779028892517,0.4556042551994324,0.22854533791542053,0.1084660068154335,0.35419175028800964,0.44126129150390625,0.23231914639472961,-0.3908975124359131,0.8102042078971863,0.44644370675086975,0.21858330070972443,0.0951894223690033,0.32529863715171814,0.4428604245185852,0.2255363166332245,-0.4334503710269928,0.7330349087715149,0.4449083209037781,0.21797773241996765,0.0905902162194252,0.32163867354393005,0.4369420111179352,0.2219783365726471,-0.42486223578453064,0.7193424701690674,0.44754281640052795,0.2222544252872467,0.10331027209758759,0.331124871969223,0.4392046332359314,0.22403554618358612,-0.3905465006828308,0.6815375089645386,0.4929289221763611,0.4588562548160553,0.06738827377557755,0.9995548725128174,0.4630003571510315,0.4539206027984619,-0.06747553497552872,0.9995236992835999,0.5139921307563782,0.5740668773651123,0.06915685534477234,0.811876654624939,0.42695561051368713,0.5728241205215454,-0.05655456334352493,0.9649915099143982,0.519864022731781,0.683122992515564,0.17879429459571838,0.9239864349365234,0.3633941113948822,0.6762574315071106,0.027765339240431786,0.9667347073554993,0.5113823413848877,0.7049540281295776,0.18394839763641357,0.8686097264289856,0.3555758595466614,0.6822075247764587,0.03054666519165039,0.8713024854660034,0.5497875809669495,0.7106630206108093,0.07757487893104553,0.9168447256088257,0.3650531768798828,0.7081844806671143,-0.09764858335256577,0.950450599193573
225,0.47222501039505005,0.2562525272369385,-0.11488586664199829,0.9979838132858276,0.4698196351528168,0.2459469586610794,-0.10718055069446564,0.9972898364067078,0.47055214643478394,0.24537546932697296,-0.10717739909887314,0.996015191078186,0.47134947776794434,0.2447456419467926,-0.1071692705154419,0.9969897866249084,0.46652084589004517,0.24726168811321259,-0.12360545247793198,0.997960090637207,0.465156614780426,0.24767284095287323,-0.1237940788269043,0.9975476264953613,0.4635392725467682,0.24809078872203827,-0.12389715015888214,0.9980930685997009,0.4705527424812317,0.24866381287574768,-0.049571625888347626,0.9920533299446106,0.4599860608577728,0.2533379793167114,-0.11942814290523529,0.996832549571991,0.47578564286231995,0.2655767798423767,-0.08891326934099197,0.9937281608581543,0.47139716148376465,0.2674882411956787,-0.10924415290355682,0.9937989115715027,0.4823002219200134,0.3042549192905426,0.024119611829519272,0.9970135688781738,0.45624321699142456,0.3020145893096924,-0.1564922332763672,0.9981668591499329,0.46010297536849976,0.31311994791030884,0.015495458617806435,0.32805687189102173,0.453366219997406,0.31746333837509155,-0.18106459081172943,0.9367443919181824,0.42054492235183716,0.28070008754730225,-0.04254193231463432,0.3799409866333008,0.4522913992404938,0.30369383096694946,-0.15904220938682556,0.7977875471115112,0.40806180238723755,0.2762415409088135,-0.06453386694192886,0.3471849858760834,0.4516221582889557,0.3022318482398987,-0.18804317712783813,0.7205789685249329,0.4093376696109772,0.27295106649398804,-0.07013167440891266,0.34255146980285645,0.4528849720954895,0.30037927627563477,-0.18662194907665253,0.7070460915565491,0.41415032744407654,0.27479249238967896,-0.049207739531993866,0.3477335572242737,0.4527868330478668,0.3011624813079834,-0.1585504710674286,0.6685327291488647,0.48810261487960815,0.4682709574699402,0.06675771623849869,0.9995655417442322,0.46199101209640503,0.4615651071071625,-0.0667296051979065,0.9995307922363281,0.5017696022987366,0.5746480822563171,0.10074032843112946,0.8115220069885254,0.43296414613723755,0.5719950199127197,-0.03987250104546547,0.964221715927124,0.518586277961731,0.6804096102714539,0.2023676335811615,0.9245325326919556,0.36691445112228394,0.6745355129241943,0.07150929421186447,0.9655001759529114,0.5108218789100647,0.6977360248565674,0.20633402466773987,0.8664441704750061,0.381428062915802,0.6845632791519165,0.07683619111776352,0.8681938648223877,0.5358418226242065,0.7008669376373291,0.10376747697591782,0.9169803261756897,0.3733638525009155,0.6982056498527527,-0.03169872611761093,0.948867678642273
226,0.4731879234313965,0.25101158022880554,-0.12018902599811554,0.9976290464401245,0.47134995460510254,0.24080488085746765,-0.10572139918804169,0.9968329071998596,0.47287803888320923,0.24040408432483673,-0.1057111993432045,0.9954387545585632,0.47450217604637146,0.23994147777557373,-0.10573266446590424,0.9965419769287109,0.46582454442977905,0.24152109026908875,-0.1261904090642929,0.9975734949111938,0.4634597897529602,0.24171261489391327,-0.12637050449848175,0.9970933198928833,0.46084064245224,0.24191275238990784,-0.12648017704486847,0.9977927207946777,0.4729958176612854,0.24429114162921906,-0.023081883788108826,0.9899822473526001,0.45460692048072815,0.24719829857349396,-0.11162732541561127,0.9962631464004517,0.47717875242233276,0.26104414463043213,-0.08543750643730164,0.9922543168067932,0.469820499420166,0.2623375654220581,-0.11128413677215576,0.9924860000610352,0.4881058633327484,0.3002566397190094,0.057806290686130524,0.9962372183799744,0.4444810450077057,0.2993057668209076,-0.1468246579170227,0.9978178143501282,0.48554515838623047,0.29530197381973267,0.047650884836912155,0.34303247928619385,0.43308448791503906,0.31407904624938965,-0.19328336417675018,0.9266529083251953,0.4544855058193207,0.25062915682792664,-0.014590272679924965,0.3948642611503601,0.43094801902770996,0.2908309996128082,-0.19126062095165253,0.7848871946334839,0.44539007544517517,0.2427474558353424,-0.035148538649082184,0.358347088098526,0.42917150259017944,0.28694528341293335,-0.2215568721294403,0.708371102809906,0.4445100724697113,0.24004581570625305,-0.038691211491823196,0.3529096841812134,0.4317297041416168,0.2832355797290802,-0.21911415457725525,0.695565938949585,0.44792476296424866,0.2432493418455124,-0.021489907056093216,0.35671672224998474,0.4317145347595215,0.28488850593566895,-0.1908760666847229,0.6579337120056152,0.48942703008651733,0.4658721089363098,0.07275920361280441,0.9994605183601379,0.4598570466041565,0.4608226418495178,-0.0727754682302475,0.9994546175003052,0.4721842408180237,0.5728554129600525,0.1121615394949913,0.7894479036331177,0.45702534914016724,0.5798553228378296,-0.0527406744658947,0.9591682553291321,0.4389171600341797,0.6692604422569275,0.2212628573179245,0.9094159603118896,0.4426175057888031,0.6813032627105713,0.038558248430490494,0.9625733494758606,0.42551389336586,0.6871649026870728,0.22623105347156525,0.8537291884422302,0.4349311888217926,0.6973185539245605,0.04281848296523094,0.8636090755462646,0.4620043635368347,0.6928253769874573,0.13899366557598114,0.904364824295044,0.4687482714653015,0.7117007374763489,-0.06293611973524094,0.9447242617607117
227,0.4720202088356018,0.2578757703304291,-0.11385007947683334,0.9978040456771851,0.47007957100868225,0.2477525919675827,-0.09718684107065201,0.9970487952232361,0.47160443663597107,0.2471681535243988,-0.09719976037740707,0.9957398772239685,0.47322091460227966,0.24653729796409607,-0.09721250087022781,0.9967666864395142,0.46418341994285583,0.2489922046661377,-0.11869136989116669,0.9977474212646484,0.4618121087551117,0.24939438700675964,-0.11885304749011993,0.9973024725914001,0.45919448137283325,0.2498113214969635,-0.1189054399728775,0.9979450106620789,0.47169890999794006,0.2503044605255127,-0.006962788291275501,0.9906988739967346,0.4492001533508301,0.2492869645357132,-0.09987230598926544,0.9965401291847229,0.475809246301651,0.26768365502357483,-0.07756362110376358,0.9928351640701294,0.4688273072242737,0.2696377635002136,-0.104540154337883,0.9930782318115234,0.49177780747413635,0.305544912815094,0.07909000664949417,0.9964591264724731,0.44563180208206177,0.29560184478759766,-0.16020198166370392,0.997932493686676,0.49869465827941895,0.3020474314689636,0.08762859553098679,0.3467782139778137,0.4473958909511566,0.2991355061531067,-0.26271143555641174,0.9303621053695679,0.479572594165802,0.2618321180343628,0.0752628892660141,0.39457669854164124,0.4666686952114105,0.2482566386461258,-0.24758252501487732,0.7897346019744873,0.4755679666996002,0.2527011036872864,0.06553776562213898,0.3546646237373352,0.4722299575805664,0.2348947525024414,-0.27549511194229126,0.7101003527641296,0.47506633400917053,0.2527000308036804,0.060256414115428925,0.3485504686832428,0.4688238501548767,0.23549863696098328,-0.2629570960998535,0.6964085698127747,0.4759395718574524,0.25622206926345825,0.0690193846821785,0.35256195068359375,0.46666136384010315,0.24141070246696472,-0.24328307807445526,0.6577783823013306,0.48669368028640747,0.46452564001083374,0.0752774029970169,0.9994851350784302,0.4610893130302429,0.46028047800064087,-0.07529274374246597,0.999466061592102,0.4990313947200775,0.5765945911407471,0.06024808809161186,0.8000132441520691,0.43054622411727905,0.5747663974761963,-0.08474085479974747,0.9605283737182617,0.5195302963256836,0.6863843202590942,0.1517334282398224,0.9142438769340515,0.3619523048400879,0.6767680048942566,0.0033351716119796038,0.9639756679534912,0.5074897408485413,0.7034445405006409,0.15437190234661102,0.8586438894271851,0.3553890287876129,0.6837832927703857,0.006394513882696629,0.8660253882408142,0.550606369972229,0.7120847702026367,0.05239284038543701,0.9086521863937378,0.362407922744751,0.7078430652618408,-0.10957369953393936,0.9467030763626099
228,0.49046140909194946,0.2737419605255127,-0.060525454580783844,0.9978147149085999,0.4882255494594574,0.26328277587890625,-0.04486677423119545,0.9971067309379578,0.48970040678977966,0.26268723607063293,-0.044837430119514465,0.9958097338676453,0.4912697672843933,0.2620621919631958,-0.04482632875442505,0.996816098690033,0.48256292939186096,0.264281690120697,-0.06594198197126389,0.9978047609329224,0.48012733459472656,0.25833743810653687,-0.06612099707126617,0.9973715543746948,0.4784511923789978,0.258008748292923,-0.06620005518198013,0.9980074167251587,0.4900330603122711,0.2618824541568756,0.03736770525574684,0.9909986853599548,0.4715884327888489,0.2610291838645935,-0.05459228903055191,0.9967174530029297,0.492215096950531,0.2795560657978058,-0.02683914266526699,0.9931108951568604,0.4863967299461365,0.28389158844947815,-0.05371788889169693,0.9934658408164978,0.5006195306777954,0.3076624870300293,0.10152552276849747,0.9961978793144226,0.4522009491920471,0.3030413091182709,-0.1132592186331749,0.9979644417762756,0.4860002398490906,0.2843654155731201,0.09991011768579483,0.34385669231414795,0.44673362374305725,0.2829095125198364,-0.22408179938793182,0.9333834648132324,0.4493371844291687,0.240813210606575,0.09140156954526901,0.3881435692310333,0.46341848373413086,0.24451038241386414,-0.2064599096775055,0.7884445190429688,0.44077068567276,0.23177066445350647,0.08224193751811981,0.34792566299438477,0.46618276834487915,0.23459558188915253,-0.23075120151042938,0.7020329236984253,0.42824608087539673,0.23097999393939972,0.08330818265676498,0.3410886824131012,0.46598416566848755,0.2397572249174118,-0.21815378963947296,0.6871049404144287,0.441213995218277,0.23913481831550598,0.08903966844081879,0.34551575779914856,0.4655795991420746,0.2444007396697998,-0.20183220505714417,0.6487589478492737,0.4895620346069336,0.4686279892921448,0.06919709593057632,0.9994699358940125,0.46198683977127075,0.4675305485725403,-0.06935761123895645,0.9994592070579529,0.4617297649383545,0.5732048153877258,0.06826204806566238,0.78980952501297,0.48109450936317444,0.589231014251709,-0.10761086642742157,0.9598231911659241,0.3752404451370239,0.6708410382270813,0.14696496725082397,0.9085811972618103,0.4679275453090668,0.6884574890136719,-0.05057511478662491,0.9639348387718201,0.3863949179649353,0.6899230480194092,0.14950904250144958,0.8549438714981079,0.4578888416290283,0.7020152807235718,-0.04862431064248085,0.8670594692230225,0.4198848605155945,0.7010332942008972,0.0677289217710495,0.904476523399353,0.49958473443984985,0.7233407497406006,-0.1553846150636673,0.9464617967605591
229,0.4807746410369873,0.2673681378364563,-0.14850640296936035,0.9978559613227844,0.4836081862449646,0.25777381658554077,-0.13905858993530273,0.9971474409103394,0.4859083294868469,0.25761669874191284,-0.13908687233924866,0.9958745837211609,0.48826462030410767,0.257404625415802,-0.13913683593273163,0.9969037771224976,0.47685736417770386,0.2578551173210144,-0.1414252668619156,0.9977742433547974,0.474787175655365,0.25779908895492554,-0.14156492054462433,0.9972865581512451,0.47321629524230957,0.25116926431655884,-0.14161317050457,0.9979538917541504,0.49207812547683716,0.26191800832748413,-0.07046892493963242,0.9911240339279175,0.475320041179657,0.2595379948616028,-0.07976638525724411,0.9964615702629089,0.4856041371822357,0.2776755690574646,-0.12075992673635483,0.9929326176643372,0.4777182638645172,0.2779497802257538,-0.12353254854679108,0.9933328032493591,0.5101631879806519,0.3154926300048828,-0.04120321571826935,0.995985746383667,0.4572785496711731,0.3028576970100403,-0.05626501888036728,0.9973806738853455,0.4982336461544037,0.2990570664405823,-0.08893462270498276,0.37773504853248596,0.4432142376899719,0.28492701053619385,-0.05868380144238472,0.9088064432144165,0.47153884172439575,0.2538273334503174,-0.1111505776643753,0.39988407492637634,0.46701350808143616,0.25135862827301025,0.009546194225549698,0.7406028509140015,0.4657556414604187,0.24257776141166687,-0.1339392215013504,0.35435760021209717,0.4733611047267914,0.24257640540599823,0.0016428589588031173,0.6529721021652222,0.46605587005615234,0.24604637920856476,-0.12723618745803833,0.34637540578842163,0.4739210605621338,0.24675551056861877,0.005318778567016125,0.6382890343666077,0.46675437688827515,0.2506047487258911,-0.11146344244480133,0.34854090213775635,0.47181230783462524,0.2500465512275696,0.010346206836402416,0.6032760739326477,0.498994916677475,0.4768138527870178,0.013900531455874443,0.9994350075721741,0.46287021040916443,0.46984654664993286,-0.01406291127204895,0.9994227886199951,0.49130338430404663,0.5816996097564697,0.024429554119706154,0.7976635694503784,0.4408182203769684,0.5829025506973267,-0.03042534925043583,0.9603942632675171,0.4721410870552063,0.6768742203712463,0.15967179834842682,0.9110743403434753,0.41543635725975037,0.677320659160614,0.0864623561501503,0.9646068811416626,0.46223750710487366,0.6923254132270813,0.16750065982341766,0.8536648750305176,0.4132959246635437,0.6932806968688965,0.09256205707788467,0.8692320585250854,0.48524338006973267,0.7073875069618225,0.06264545768499374,0.9059627652168274,0.4150717258453369,0.7052738070487976,-0.021996885538101196,0.9468101859092712
230,0.48799189925193787,0.2782288193702698,-0.14090611040592194,0.9978058934211731,0.4882081151008606,0.2660728693008423,-0.12802617251873016,0.9970484972000122,0.4891103208065033,0.26575225591659546,-0.12803468108177185,0.9957407712936401,0.49434155225753784,0.2683793604373932,-0.12807175517082214,0.9968569874763489,0.4857357442378998,0.2656899690628052,-0.1351996511220932,0.9976317286491394,0.47941192984580994,0.26449817419052124,-0.1353479027748108,0.9970698952674866,0.47842374444007874,0.26381242275238037,-0.13537809252738953,0.9978141784667969,0.49410873651504517,0.26656901836395264,-0.0479900948703289,0.9910120964050293,0.4778973162174225,0.2655099034309387,-0.07944022864103317,0.9961933493614197,0.4912671446800232,0.2876487076282501,-0.10877279937267303,0.9927288889884949,0.4834432601928711,0.2846270203590393,-0.11792607605457306,0.9933002591133118,0.5121615529060364,0.31947004795074463,-0.0043390607461333275,0.9960440397262573,0.44871991872787476,0.31650063395500183,-0.06084610894322395,0.9972276091575623,0.509821355342865,0.29777243733406067,-0.029543891549110413,0.41554883122444153,0.41844096779823303,0.2818436324596405,-0.08372720330953598,0.9042723178863525,0.48302239179611206,0.2519962191581726,-0.06560055166482925,0.4205290973186493,0.42908769845962524,0.2379983365535736,-0.046801354736089706,0.7190955877304077,0.47667860984802246,0.24128568172454834,-0.08812680840492249,0.3680020272731781,0.4270530343055725,0.23019400238990784,-0.058949925005435944,0.6245038509368896,0.47554001212120056,0.2431870996952057,-0.08395250886678696,0.35904136300086975,0.42719516158103943,0.2299054116010666,-0.05727729946374893,0.6099059581756592,0.47634369134902954,0.24755039811134338,-0.06760711967945099,0.3596324026584625,0.42830365896224976,0.23414576053619385,-0.04745776578783989,0.57737135887146,0.5007792711257935,0.47530287504196167,0.02600901760160923,0.9993892908096313,0.4638739228248596,0.47051435708999634,-0.026184674352407455,0.999381959438324,0.4876552224159241,0.5758695006370544,0.023592306300997734,0.8010028004646301,0.4552950859069824,0.5825725197792053,-0.06288132816553116,0.9600523710250854,0.45321863889694214,0.6728613376617432,0.14416161179542542,0.9112597107887268,0.43151289224624634,0.6776864528656006,0.030875766649842262,0.9646138548851013,0.44093817472457886,0.6875654458999634,0.15017536282539368,0.8521988391876221,0.4277341365814209,0.6914330720901489,0.03474251180887222,0.8697906732559204,0.46518999338150024,0.7052082419395447,0.04789338633418083,0.9057857990264893,0.4381277561187744,0.7103843092918396,-0.08251380920410156,0.9463450908660889
231,0.505176842212677,0.26879966259002686,-0.08150143921375275,0.9978326559066772,0.5025697946548462,0.25903382897377014,-0.0642661526799202,0.9970795512199402,0.5032726526260376,0.25895434617996216,-0.06423991918563843,0.995811939239502,0.5040917992591858,0.258838951587677,-0.06427392363548279,0.9968921542167664,0.49805179238319397,0.2586967647075653,-0.09154944121837616,0.9976701736450195,0.4956672191619873,0.25847578048706055,-0.09171585738658905,0.9971633553504944,0.4930279850959778,0.25824448466300964,-0.09177322685718536,0.9978621602058411,0.4940350651741028,0.25981616973876953,0.026282718405127525,0.9912915825843811,0.48353081941604614,0.2600676417350769,-0.09561961889266968,0.9963411688804626,0.5034462809562683,0.279058039188385,-0.045057669281959534,0.9930303692817688,0.49798494577407837,0.2788931727409363,-0.08031081408262253,0.9936109185218811,0.49643760919570923,0.31744006276130676,0.10750719159841537,0.996161699295044,0.4570035934448242,0.30749452114105225,-0.16292662918567657,0.9974197149276733,0.4818142056465149,0.34497392177581787,0.1533464789390564,0.38933196663856506,0.4368320107460022,0.30165553092956543,-0.35174891352653503,0.9096682071685791,0.4655911922454834,0.33915483951568604,0.15618634223937988,0.39978691935539246,0.4328426420688629,0.25631898641586304,-0.44109025597572327,0.7318820357322693,0.46215611696243286,0.3412613272666931,0.15392805635929108,0.35196515917778015,0.4292086660861969,0.24462752044200897,-0.48492079973220825,0.6394174695014954,0.46235841512680054,0.34123361110687256,0.13890495896339417,0.34382137656211853,0.42421969771385193,0.24463829398155212,-0.47058477997779846,0.6253723502159119,0.4630517363548279,0.34061092138290405,0.147199809551239,0.3450236916542053,0.43186745047569275,0.249752014875412,-0.4403558373451233,0.5937296152114868,0.48479706048965454,0.46859660744667053,0.08585630357265472,0.9994229674339294,0.46386846899986267,0.46305838227272034,-0.08600417524576187,0.9994222521781921,0.4815292954444885,0.5779419541358948,0.09598912298679352,0.7988302707672119,0.45068359375,0.5854817628860474,-0.0912652239203453,0.9592305421829224,0.4593502879142761,0.6735290288925171,0.1795598864555359,0.90952467918396,0.417408287525177,0.6770857572555542,-0.017378492280840874,0.9659616351127625,0.4466947913169861,0.689102053642273,0.18157504498958588,0.8514534831047058,0.4085690975189209,0.6886047720909119,-0.014923801645636559,0.8741946220397949,0.4849773049354553,0.7036038637161255,0.08788398653268814,0.9054602980613708,0.4337798058986664,0.7132356762886047,-0.12534555792808533,0.948454737663269
232,0.5067542195320129,0.2769792675971985,-0.09280642122030258,0.997810423374176,0.5039570331573486,0.26675623655319214,-0.07682318240404129,0.997043788433075,0.5047016739845276,0.26665136218070984,-0.07679601013660431,0.9957467317581177,0.5055628418922424,0.2665187418460846,-0.0768105536699295,0.9968156814575195,0.4994073808193207,0.26635026931762695,-0.10370746999979019,0.9976381659507751,0.4969361424446106,0.2660398483276367,-0.10386763513088226,0.9971381425857544,0.49421319365501404,0.26572561264038086,-0.10391300916671753,0.9978319406509399,0.49784404039382935,0.2641976773738861,0.012148963287472725,0.9913485050201416,0.48253291845321655,0.2641076445579529,-0.10789404809474945,0.996403694152832,0.5054466724395752,0.2864103317260742,-0.056262265890836716,0.993217945098877,0.499857097864151,0.28621721267700195,-0.09109105914831161,0.9938303828239441,0.5003730654716492,0.31750035285949707,0.09476645290851593,0.9962294101715088,0.45987647771835327,0.3051193356513977,-0.1634015589952469,0.9975563287734985,0.4932315945625305,0.31499770283699036,0.13452757894992828,0.38113993406295776,0.4275050163269043,0.2918635606765747,-0.3066576421260834,0.91603022813797,0.4695888161659241,0.2916210889816284,0.13053058087825775,0.3966144025325775,0.4307752251625061,0.24735286831855774,-0.3587757647037506,0.7484791278839111,0.46326297521591187,0.2900136709213257,0.12450967729091644,0.3490367829799652,0.4299001097679138,0.23653154075145721,-0.39545056223869324,0.6583889722824097,0.4617066979408264,0.2885858416557312,0.11589021980762482,0.34088537096977234,0.43345874547958374,0.2351057082414627,-0.3835248053073883,0.6447944045066833,0.4638117849826813,0.2894698679447174,0.12375710159540176,0.3423924744129181,0.4328685700893402,0.24038644134998322,-0.3568500876426697,0.6130696535110474,0.4872569143772125,0.46559280157089233,0.07964534312486649,0.9994235634803772,0.4636297821998596,0.46444305777549744,-0.07977022230625153,0.9994292855262756,0.4950180649757385,0.5773267149925232,0.07670532166957855,0.7964714765548706,0.44567161798477173,0.5804933309555054,-0.0988902673125267,0.9591665863990784,0.48033779859542847,0.6763338446617126,0.1563510298728943,0.9084641933441162,0.37634095549583435,0.6732842326164246,-0.02954195812344551,0.9665970802307129,0.4677366614341736,0.6938461065292358,0.15824230015277863,0.8514178991317749,0.39422687888145447,0.6937670707702637,-0.027910148724913597,0.8765733242034912,0.510963499546051,0.7030638456344604,0.06609190255403519,0.9045131802558899,0.419221967458725,0.7118148803710938,-0.1400945782661438,0.9489762783050537
233,0.505585789680481,0.2715736925601959,-0.12857598066329956,0.9979543089866638,0.5022795796394348,0.2615344822406769,-0.10867633670568466,0.9972307085990906,0.5037511587142944,0.2615962028503418,-0.10866472870111465,0.9960139393806458,0.5053410530090332,0.26162776350975037,-0.10867760330438614,0.9969872832298279,0.4956020712852478,0.26059460639953613,-0.13697384297847748,0.9977979063987732,0.492440789937973,0.2601361870765686,-0.1371316909790039,0.997346043586731,0.48903363943099976,0.25967344641685486,-0.13718414306640625,0.997972309589386,0.498096764087677,0.2640571892261505,0.0039171576499938965,0.9919452667236328,0.4751744270324707,0.2616252899169922,-0.12294881045818329,0.9966773390769958,0.5048045516014099,0.28171253204345703,-0.08327674865722656,0.9937765002250671,0.4955618381500244,0.2810943126678467,-0.11993654072284698,0.9943482875823975,0.503818929195404,0.3182068467140198,0.10856375843286514,0.9965396523475647,0.44751015305519104,0.30774253606796265,-0.17928119003772736,0.9977633953094482,0.505230188369751,0.3526688814163208,0.1987048089504242,0.36234042048454285,0.43058308959007263,0.32131463289260864,-0.3877226710319519,0.9224013686180115,0.4954172968864441,0.33994588255882263,0.2348651885986328,0.3836057186126709,0.4420730173587799,0.2707343101501465,-0.4990238547325134,0.7646881341934204,0.494079053401947,0.34020739793777466,0.2375853806734085,0.33760935068130493,0.43366584181785583,0.25668954849243164,-0.5420711040496826,0.6770169734954834,0.4945717751979828,0.3382127583026886,0.22205643355846405,0.33047834038734436,0.43353956937789917,0.25551605224609375,-0.5302680134773254,0.663784384727478,0.4942944645881653,0.3386572599411011,0.22706708312034607,0.33298155665397644,0.43511325120925903,0.25636327266693115,-0.4982144236564636,0.6310627460479736,0.493347704410553,0.4677404463291168,0.07904178649187088,0.9994708895683289,0.4629237651824951,0.46786823868751526,-0.07912445068359375,0.9994708299636841,0.5112504959106445,0.5794504880905151,0.061793576925992966,0.8089576363563538,0.4133737087249756,0.586285412311554,-0.05430641770362854,0.9594549536705017,0.5231240391731262,0.686866044998169,0.1500367373228073,0.9143378138542175,0.35793501138687134,0.6782667636871338,0.038549333810806274,0.9678678512573242,0.5156105756759644,0.7071268558502197,0.15185774862766266,0.8571697473526001,0.3439708352088928,0.6849812865257263,0.04164464771747589,0.8776296973228455,0.5549806356430054,0.7116652727127075,0.03821051865816116,0.9100371599197388,0.3562914729118347,0.7139103412628174,-0.0841255858540535,0.9510711431503296
234,0.5099931955337524,0.2725949287414551,-0.11359034478664398,0.9981387257575989,0.5081390738487244,0.262366384267807,-0.09298767894506454,0.9974648952484131,0.5085195899009705,0.2619099020957947,-0.09297037124633789,0.9963525533676147,0.5086720585823059,0.2614893913269043,-0.09298305958509445,0.9972371459007263,0.5061038136482239,0.2607017159461975,-0.1274164915084839,0.9979937076568604,0.5031039714813232,0.2599436938762665,-0.12760145962238312,0.9975901246070862,0.49986401200294495,0.25918662548065186,-0.12764649093151093,0.9981541037559509,0.49802717566490173,0.26246774196624756,0.019474251195788383,0.9926735758781433,0.48156648874282837,0.26281124353408813,-0.1365736424922943,0.996990978717804,0.508422315120697,0.2815069258213043,-0.0689505785703659,0.9943690299987793,0.5013164281845093,0.28186485171318054,-0.113986536860466,0.9948943257331848,0.4976198077201843,0.3110370635986328,0.13343171775341034,0.9968641400337219,0.4491036534309387,0.3032360076904297,-0.20759861171245575,0.9979827404022217,0.5010851621627808,0.36270013451576233,0.21082594990730286,0.34463775157928467,0.42671284079551697,0.3120673894882202,-0.4595242142677307,0.9296949505805969,0.49614769220352173,0.36488717794418335,0.22239816188812256,0.3757641911506653,0.43993037939071655,0.2620643079280853,-0.5775739550590515,0.7857630252838135,0.49621525406837463,0.3681255578994751,0.2273968905210495,0.3302471935749054,0.4468790888786316,0.24689194560050964,-0.628057599067688,0.7037240266799927,0.4971106946468353,0.3676283359527588,0.20947083830833435,0.32378244400024414,0.43648797273635864,0.24952957034111023,-0.6015345454216003,0.6911467909812927,0.4961478114128113,0.36707666516304016,0.21257345378398895,0.3266775608062744,0.43862491846084595,0.25455257296562195,-0.5721068382263184,0.6595001220703125,0.49284929037094116,0.47670698165893555,0.09724152088165283,0.9995201826095581,0.46055760979652405,0.4715689718723297,-0.0973038449883461,0.999519407749176,0.5068408846855164,0.5853888988494873,0.09810660779476166,0.8209787607192993,0.4233884811401367,0.5925352573394775,-0.06220649927854538,0.9614771604537964,0.5193852782249451,0.686732828617096,0.1887146383523941,0.9203235507011414,0.35991907119750977,0.6761711239814758,0.04193031042814255,0.9703248143196106,0.5114148855209351,0.7068339586257935,0.19049203395843506,0.8644813299179077,0.35000842809677124,0.6822807192802429,0.04590742290019989,0.8850426077842712,0.5478879809379578,0.7107614278793335,0.0794076919555664,0.916455864906311,0.3585842549800873,0.7157848477363586,-0.07644864171743393,0.9549083113670349
235,0.502679169178009,0.27414199709892273,-0.07647739350795746,0.9978441596031189,0.49980276823043823,0.26327192783355713,-0.05949000269174576,0.9970600008964539,0.500313401222229,0.26333990693092346,-0.059491924941539764,0.9958565831184387,0.5009342432022095,0.263364315032959,-0.05954474210739136,0.9968124628067017,0.49558982253074646,0.26278477907180786,-0.08989602327346802,0.9977669715881348,0.49052292108535767,0.2640150785446167,-0.09007536619901657,0.9974286556243896,0.48845750093460083,0.26361629366874695,-0.09016171842813492,0.9980061650276184,0.48895326256752014,0.26592424511909485,0.028303008526563644,0.991994321346283,0.47788530588150024,0.2668236494064331,-0.10698405653238297,0.9969018697738647,0.5025072693824768,0.28328561782836914,-0.040658410638570786,0.993842601776123,0.49884432554244995,0.28316575288772583,-0.07991796731948853,0.9945995807647705,0.4939001500606537,0.3230612874031067,0.11559915542602539,0.9959617257118225,0.45687779784202576,0.3168076276779175,-0.17919988930225372,0.9977733492851257,0.4779365658760071,0.31599682569503784,0.17408379912376404,0.3266576826572418,0.43679380416870117,0.3009772300720215,-0.327441543340683,0.932019829750061,0.4358227252960205,0.27890658378601074,0.19373761117458344,0.36053940653800964,0.43519267439842224,0.25949913263320923,-0.37225982546806335,0.7908099889755249,0.42351365089416504,0.2743198275566101,0.1926657110452652,0.31817010045051575,0.4287565350532532,0.25318366289138794,-0.4100108742713928,0.7109572887420654,0.42515984177589417,0.2650861442089081,0.18501707911491394,0.3115359842777252,0.4283573031425476,0.253426730632782,-0.3962520658969879,0.6985571384429932,0.4278872609138489,0.2670644223690033,0.1882547289133072,0.31440287828445435,0.4311215877532959,0.2575748860836029,-0.3687676787376404,0.6662365198135376,0.4892764985561371,0.4832064211368561,0.09274028986692429,0.9995130300521851,0.4653642773628235,0.4755452275276184,-0.09288860112428665,0.999508261680603,0.4794944226741791,0.5886438488960266,0.10503021627664566,0.8153800964355469,0.47254234552383423,0.598739743232727,-0.0884290561079979,0.9614031910896301,0.43019112944602966,0.6826307773590088,0.1916252225637436,0.9185051918029785,0.4372030198574066,0.6833893656730652,0.0026264905463904142,0.9711945652961731,0.4143544137477875,0.6967096924781799,0.1949557662010193,0.8639330267906189,0.42706498503685,0.6915403008460999,0.00798439234495163,0.8882985711097717,0.44901585578918457,0.7144899964332581,0.1126871109008789,0.9149873852729797,0.45559874176979065,0.723433256149292,-0.08924438804388046,0.9559702277183533
236,0.50471431016922,0.27385157346725464,-0.0742577463388443,0.9976264238357544,0.5016829371452332,0.265148401260376,-0.05824116989970207,0.9966897964477539,0.5021640062332153,0.2653377056121826,-0.05824093148112297,0.995408833026886,0.5027397274971008,0.26547327637672424,-0.05828317999839783,0.9964552521705627,0.4975356161594391,0.2643699049949646,-0.08644641935825348,0.9974457025527954,0.4952029287815094,0.2640436589717865,-0.08663273602724075,0.9971264600753784,0.4926220774650574,0.26371604204177856,-0.08670208603143692,0.9977502226829529,0.494534432888031,0.27018189430236816,0.026285793632268906,0.9910523891448975,0.4792044758796692,0.2679048478603363,-0.09983687102794647,0.9964926838874817,0.502824604511261,0.28503090143203735,-0.039873600006103516,0.9928234815597534,0.49970951676368713,0.28044700622558594,-0.0764009952545166,0.9937320947647095,0.493588387966156,0.32478076219558716,0.10720865428447723,0.9955494999885559,0.4576956629753113,0.3112351596355438,-0.15949229896068573,0.9975916147232056,0.4626089036464691,0.3304402232170105,0.15974575281143188,0.3089812397956848,0.43583670258522034,0.2946127951145172,-0.25320565700531006,0.9334818720817566,0.42021456360816956,0.310794472694397,0.1717299371957779,0.34170982241630554,0.4313652515411377,0.26226377487182617,-0.24804413318634033,0.7934929728507996,0.40794557332992554,0.31077125668525696,0.16980335116386414,0.3029646575450897,0.42474365234375,0.2554999589920044,-0.278804212808609,0.7148341536521912,0.40978723764419556,0.30998694896698,0.15896420180797577,0.29639267921447754,0.4247497618198395,0.2551702857017517,-0.26859503984451294,0.702660322189331,0.4139789938926697,0.3098212480545044,0.16495497524738312,0.2987567186355591,0.42707887291908264,0.25598210096359253,-0.24501577019691467,0.6692374348640442,0.491016685962677,0.47759121656417847,0.08410535752773285,0.9994974136352539,0.4651562571525574,0.4686810076236725,-0.08413463085889816,0.9994925856590271,0.5064424872398376,0.5870421528816223,0.07651578634977341,0.8189544677734375,0.445819228887558,0.5839138031005859,-0.10071314871311188,0.9627760052680969,0.49630361795425415,0.6858034133911133,0.15366141498088837,0.9211384654045105,0.3620338439941406,0.6760900616645813,-0.0033431309275329113,0.9721806645393372,0.48466891050338745,0.7009987831115723,0.15580864250659943,0.8659073710441589,0.35093051195144653,0.6825523376464844,0.0012846763711422682,0.8903626203536987,0.5368841290473938,0.7068120241165161,0.06188227981328964,0.917436420917511,0.365882933139801,0.7149039506912231,-0.10109005123376846,0.9574035406112671
237,0.5100991129875183,0.26753535866737366,-0.07843109965324402,0.997848391532898,0.5049128532409668,0.2575685381889343,-0.061828918755054474,0.9969942569732666,0.5050411224365234,0.2571523189544678,-0.06181088835000992,0.9958274960517883,0.504743218421936,0.25674527883529663,-0.061810124665498734,0.9967733025550842,0.5023885369300842,0.2579710781574249,-0.09863360226154327,0.997685432434082,0.5007960796356201,0.2578173279762268,-0.09879384934902191,0.9973994493484497,0.49414509534835815,0.2574326992034912,-0.09884406626224518,0.9979611039161682,0.49207693338394165,0.2624550461769104,0.0328705720603466,0.9918992519378662,0.48031288385391235,0.26128968596458435,-0.1329605132341385,0.9968305230140686,0.5045830607414246,0.278376966714859,-0.03969242796301842,0.99351567029953,0.5013760924339294,0.27833834290504456,-0.08771426975727081,0.994340181350708,0.4898844361305237,0.3187275528907776,0.1533995419740677,0.9959527254104614,0.45167750120162964,0.30637073516845703,-0.2208518534898758,0.9978233575820923,0.4911658763885498,0.33864736557006836,0.3067448139190674,0.28583788871765137,0.43162450194358826,0.3065160810947418,-0.41395241022109985,0.9395634531974792,0.4724460542201996,0.33582842350006104,0.4341858923435211,0.317167729139328,0.44590750336647034,0.27669966220855713,-0.4562850892543793,0.8089564442634583,0.4680204391479492,0.3379504680633545,0.4580393433570862,0.2810690999031067,0.44736289978027344,0.2687034010887146,-0.49134570360183716,0.7327486276626587,0.469310998916626,0.3390967845916748,0.4430540204048157,0.2750556766986847,0.4396952688694,0.2663002610206604,-0.47140178084373474,0.720750093460083,0.47081175446510315,0.33885449171066284,0.42862528562545776,0.278035432100296,0.44114047288894653,0.27132803201675415,-0.44997745752334595,0.6872528195381165,0.48934870958328247,0.47289514541625977,0.10498954355716705,0.9995412230491638,0.4643614888191223,0.473276287317276,-0.10497375577688217,0.9995360970497131,0.509264349937439,0.5804392695426941,0.07446334511041641,0.8297615647315979,0.4270347058773041,0.5885026454925537,-0.09624720364809036,0.965170681476593,0.522405207157135,0.6869109869003296,0.13495242595672607,0.9268574714660645,0.3568243384361267,0.6764708757400513,-0.010917467065155506,0.9743533730506897,0.5144706964492798,0.7066471576690674,0.13517391681671143,0.8738712668418884,0.34525826573371887,0.6818274259567261,-0.006418333854526281,0.8977523446083069,0.5614679455757141,0.7122042179107666,0.0410127192735672,0.9232361912727356,0.35702842473983765,0.7163979411125183,-0.10738543421030045,0.9606733918190002
238,0.5086342096328735,0.2699856758117676,-0.07105188071727753,0.998024046421051,0.5058404207229614,0.25933653116226196,-0.05631721764802933,0.9972297549247742,0.5054934620857239,0.25899773836135864,-0.05631355196237564,0.9961466789245605,0.5006433129310608,0.2588599920272827,-0.05632743984460831,0.997012197971344,0.49957171082496643,0.2597854733467102,-0.0939849242568016,0.997874915599823,0.49753934144973755,0.2562938332557678,-0.0941663384437561,0.9976174831390381,0.4956246018409729,0.25628727674484253,-0.09422527998685837,0.9981272220611572,0.4859512448310852,0.2635475993156433,0.029464688152074814,0.9925680160522461,0.4759577214717865,0.2651355266571045,-0.13961482048034668,0.9971051812171936,0.5059511661529541,0.280056893825531,-0.03513495996594429,0.9940683841705322,0.49907582998275757,0.2774781584739685,-0.08411140739917755,0.994834840297699,0.48270121216773987,0.3107856512069702,0.14838692545890808,0.9962531328201294,0.45287710428237915,0.3061824142932892,-0.22893473505973816,0.9980143904685974,0.4781554341316223,0.3223782777786255,0.2985829710960388,0.26277852058410645,0.4366282522678375,0.299564003944397,-0.3648052513599396,0.9441791772842407,0.462343692779541,0.3143869638442993,0.4138566851615906,0.2925017774105072,0.4543270468711853,0.2776561975479126,-0.3525823652744293,0.8174874782562256,0.4581645131111145,0.3156377673149109,0.4353261888027191,0.25966036319732666,0.4569472670555115,0.27269303798675537,-0.3810865581035614,0.7412842512130737,0.4597523808479309,0.3169233798980713,0.41938716173171997,0.2540895938873291,0.45475855469703674,0.2710304856300354,-0.36501914262771606,0.7290111184120178,0.4613952040672302,0.3167725205421448,0.407420814037323,0.2573642134666443,0.4587070345878601,0.2779713571071625,-0.34596019983291626,0.6938689947128296,0.48847371339797974,0.4739730954170227,0.10956408828496933,0.9995720982551575,0.46638765931129456,0.4765769839286804,-0.10956357419490814,0.9995689392089844,0.5043556094169617,0.5815642476081848,0.12204283475875854,0.8360266089439392,0.43512392044067383,0.5852982997894287,-0.11537289619445801,0.9674477577209473,0.523338258266449,0.6865416765213013,0.18643143773078918,0.9313207864761353,0.36133626103401184,0.6766918897628784,-0.029242005199193954,0.9762071371078491,0.5133031010627747,0.7062938213348389,0.18686024844646454,0.8801504969596863,0.350308895111084,0.6845561861991882,-0.02471425198018551,0.9043375253677368,0.5597072243690491,0.7106497883796692,0.10038469731807709,0.9276703596115112,0.357624351978302,0.7146122455596924,-0.1206456646323204,0.9634057879447937
239,0.5041755437850952,0.2690032720565796,-0.08099201321601868,0.9981603026390076,0.5004622936248779,0.2611062526702881,-0.06562640517950058,0.9973909854888916,0.5009662508964539,0.26128584146499634,-0.06560947000980377,0.9963699579238892,0.503150224685669,0.25793159008026123,-0.06560686975717545,0.9971825480461121,0.4959912896156311,0.2599289119243622,-0.09801287949085236,0.9980159401893616,0.4933994710445404,0.25936728715896606,-0.09818660467863083,0.9977898001670837,0.49054980278015137,0.2588237524032593,-0.09822764992713928,0.9982542395591736,0.49204879999160767,0.2622624635696411,0.02637607976794243,0.9931211471557617,0.4736294150352478,0.26437366008758545,-0.12028925120830536,0.9973307251930237,0.5024771094322205,0.27841120958328247,-0.04299837350845337,0.9945178627967834,0.4943920969963074,0.2754732370376587,-0.08539359271526337,0.9952548742294312,0.4936007559299469,0.30958110094070435,0.14099062979221344,0.9965634346008301,0.44898563623428345,0.29744231700897217,-0.18400591611862183,0.9981969594955444,0.49935299158096313,0.32760947942733765,0.30601006746292114,0.24829061329364777,0.42587628960609436,0.28346118330955505,-0.2932630777359009,0.9485251307487488,0.4880806803703308,0.33676785230636597,0.43691548705101013,0.27294617891311646,0.4454626441001892,0.2701795697212219,-0.26033222675323486,0.8198967576026917,0.48593512177467346,0.3421924114227295,0.4589633047580719,0.24180157482624054,0.44811755418777466,0.2663285732269287,-0.28186336159706116,0.7385186553001404,0.48602691292762756,0.34425705671310425,0.44087010622024536,0.2367067039012909,0.4419953227043152,0.27166417241096497,-0.27065014839172363,0.726036548614502,0.4863789677619934,0.34288883209228516,0.43051284551620483,0.24053972959518433,0.44274529814720154,0.2720038890838623,-0.25623849034309387,0.6909258961677551,0.4925299286842346,0.46598801016807556,0.0944371446967125,0.9995982050895691,0.4658152163028717,0.46429818868637085,-0.09453525394201279,0.9995961785316467,0.5041333436965942,0.5759358406066895,0.10153720527887344,0.838018536567688,0.4383755624294281,0.5772941708564758,-0.10778272151947021,0.9676958322525024,0.5223341584205627,0.6863422393798828,0.13827693462371826,0.9340672492980957,0.36220717430114746,0.6736828088760376,-0.05431462079286575,0.9769850969314575,0.5139368176460266,0.7065861225128174,0.13606221973896027,0.883543074131012,0.34905916452407837,0.6789246797561646,-0.05262395739555359,0.9070675373077393,0.553242564201355,0.7117727994918823,0.04454529285430908,0.930700957775116,0.3551805317401886,0.7144243121147156,-0.14950776100158691,0.9648975133895874
240,0.4986371099948883,0.2781538963317871,-0.058169733732938766,0.9983041882514954,0.49870437383651733,0.26866430044174194,-0.038184795528650284,0.9975851774215698,0.5001184940338135,0.2683785557746887,-0.038142576813697815,0.9966440796852112,0.5014418959617615,0.26807212829589844,-0.03814167156815529,0.9974046349525452,0.4917047619819641,0.2679300606250763,-0.06375562399625778,0.9981750845909119,0.4893892705440521,0.26725828647613525,-0.06393016874790192,0.9979778528213501,0.48439234495162964,0.2666395306587219,-0.06395746022462845,0.9984020590782166,0.49380558729171753,0.2690684497356415,0.06768231093883514,0.9937383532524109,0.47383373975753784,0.26951122283935547,-0.05066678673028946,0.9975742697715759,0.497016578912735,0.28688138723373413,-0.0166317131370306,0.9950143098831177,0.4903501570224762,0.28567615151405334,-0.05072561651468277,0.9957016706466675,0.5002599954605103,0.31280338764190674,0.1560548096895218,0.9968810081481934,0.44362154603004456,0.3019895553588867,-0.08615680783987045,0.9983749389648438,0.49835386872291565,0.35455751419067383,0.2914016544818878,0.24770031869411469,0.40843820571899414,0.2768990397453308,-0.24066460132598877,0.9530996680259705,0.47562456130981445,0.39463427662849426,0.3718755841255188,0.26402997970581055,0.42956486344337463,0.26530325412750244,-0.27996769547462463,0.8255003690719604,0.4720393121242523,0.40794119238853455,0.3834820091724396,0.23289377987384796,0.4275694489479065,0.2613542377948761,-0.3111037015914917,0.7372545003890991,0.46993809938430786,0.4109067916870117,0.36273759603500366,0.2285243421792984,0.43535366654396057,0.2688490152359009,-0.29316896200180054,0.7248251438140869,0.4699365496635437,0.40686655044555664,0.3647678792476654,0.2332778424024582,0.43646240234375,0.26957976818084717,-0.2768703103065491,0.6937512159347534,0.49835991859436035,0.46307653188705444,0.07474134117364883,0.9996310472488403,0.4673842787742615,0.46180862188339233,-0.07502476125955582,0.9996322393417358,0.4759686589241028,0.5737707018852234,0.06211693957448006,0.8348071575164795,0.47069063782691956,0.5727789998054504,-0.1146976500749588,0.966815710067749,0.4373233914375305,0.6792813539505005,0.10324211418628693,0.9317362308502197,0.44797372817993164,0.6754140257835388,-0.09783747047185898,0.9779028296470642,0.42382150888442993,0.6941292881965637,0.10175104439258575,0.8826651573181152,0.4389328062534332,0.685316801071167,-0.09916885197162628,0.9112805724143982,0.4539284110069275,0.7161888480186462,0.008247517980635166,0.9313072562217712,0.4695858061313629,0.7151142358779907,-0.2080760896205902,0.9667358994483948
241,0.4998265206813812,0.2753206789493561,-0.04757598042488098,0.9984444379806519,0.4981932044029236,0.2657957077026367,-0.029189202934503555,0.9977736473083496,0.4989388883113861,0.26541757583618164,-0.02913637086749077,0.9969035387039185,0.4994277060031891,0.2650804817676544,-0.029111135751008987,0.9976094365119934,0.4941984713077545,0.2659621834754944,-0.05653692036867142,0.9983276128768921,0.4890226423740387,0.26588141918182373,-0.05672308802604675,0.9981526732444763,0.4867226183414459,0.26562249660491943,-0.056755878031253815,0.9985390901565552,0.4930410385131836,0.2695351839065552,0.06900521367788315,0.994292140007019,0.4737083315849304,0.26969364285469055,-0.057218097150325775,0.9977940917015076,0.5001932978630066,0.28394797444343567,-0.008553782477974892,0.9954580068588257,0.49523791670799255,0.2837003767490387,-0.045000702142715454,0.9961035847663879,0.4993557929992676,0.3094462752342224,0.15912780165672302,0.997144877910614,0.44476407766342163,0.301988422870636,-0.0970161110162735,0.9985330104827881,0.4884668290615082,0.34237077832221985,0.3025224506855011,0.242201566696167,0.40678101778030396,0.27835994958877563,-0.2296278178691864,0.957070529460907,0.47365960478782654,0.35952672362327576,0.40292301774024963,0.2529299557209015,0.42967653274536133,0.2683179974555969,-0.24733388423919678,0.8292112350463867,0.47097140550613403,0.3672272562980652,0.41874033212661743,0.22269415855407715,0.4270970821380615,0.2669628858566284,-0.27302396297454834,0.7352271676063538,0.4708259701728821,0.3699374198913574,0.39940276741981506,0.21873623132705688,0.4341970384120941,0.26770371198654175,-0.2557179629802704,0.7225406765937805,0.4708332419395447,0.3677920699119568,0.396409809589386,0.22402460873126984,0.4359287619590759,0.2720412015914917,-0.24272549152374268,0.6934876441955566,0.4963976740837097,0.4619392454624176,0.07842829078435898,0.9996566772460938,0.4673376977443695,0.4591826796531677,-0.07862972468137741,0.9996622800827026,0.4870692789554596,0.5686550736427307,0.04662565514445305,0.8290241956710815,0.4537811279296875,0.5766093730926514,-0.1481856256723404,0.9659132957458496,0.4623834490776062,0.6814565658569336,0.07391350716352463,0.9293514490127563,0.41597849130630493,0.6749428510665894,-0.15108563005924225,0.9784806966781616,0.44991979002952576,0.6982691287994385,0.07149432599544525,0.8819339871406555,0.4049909710884094,0.6886403560638428,-0.15463633835315704,0.9144455790519714,0.4859587550163269,0.7140015363693237,-0.016882985830307007,0.9311232566833496,0.4337976574897766,0.7089390754699707,-0.2639985978603363,0.9679755568504333
242,0.49714961647987366,0.2730023264884949,-0.04261697828769684,0.9985780119895935,0.4962659478187561,0.2641572952270508,-0.024016784504055977,0.9979532361030579,0.49718278646469116,0.26375922560691833,-0.02396285906434059,0.9971495270729065,0.5000923871994019,0.2633090913295746,-0.023921925574541092,0.9978004097938538,0.4921796917915344,0.26444485783576965,-0.050659097731113434,0.9984732270240784,0.48730722069740295,0.26447200775146484,-0.050844866782426834,0.9983172416687012,0.4852420687675476,0.2642930746078491,-0.05087629705667496,0.9986680150032043,0.4930243492126465,0.266485333442688,0.07494814693927765,0.9947993755340576,0.4739048480987549,0.2686496376991272,-0.04706156253814697,0.997998058795929,0.4981049597263336,0.28132641315460205,-0.003373893443495035,0.9958580732345581,0.4929543435573578,0.2810734510421753,-0.038700997829437256,0.9964654445648193,0.5008637309074402,0.30893707275390625,0.16392940282821655,0.9973925352096558,0.44389334321022034,0.3016943335533142,-0.09376802295446396,0.9986751079559326,0.49661049246788025,0.32487809658050537,0.3149232268333435,0.2411489635705948,0.405634343624115,0.2801206111907959,-0.22488097846508026,0.960686206817627,0.47990378737449646,0.3260287642478943,0.4454546868801117,0.24631313979625702,0.42872077226638794,0.26904046535491943,-0.24042615294456482,0.834221363067627,0.4763517379760742,0.3298431634902954,0.464815229177475,0.2151189148426056,0.4258626103401184,0.26252540946006775,-0.2647794783115387,0.7360664010047913,0.4769064784049988,0.33189573884010315,0.4488357901573181,0.2113143503665924,0.4337120056152344,0.2681320309638977,-0.24828748404979706,0.7231584787368774,0.47762078046798706,0.3313877582550049,0.44043129682540894,0.21744118630886078,0.43532419204711914,0.2684517800807953,-0.23615336418151855,0.6951404213905334,0.49815434217453003,0.4618318974971771,0.07857827097177505,0.9996805191040039,0.4670075476169586,0.45936471223831177,-0.07875506579875946,0.999687671661377,0.4981856942176819,0.5707664489746094,0.046475742012262344,0.8293358683586121,0.4335173964500427,0.5737285614013672,-0.11646924912929535,0.9644272923469543,0.519639253616333,0.6816278696060181,0.07133440673351288,0.9304330348968506,0.3640806972980499,0.6703267693519592,-0.10639406740665436,0.9784845113754272,0.49856987595558167,0.6981545686721802,0.06850278377532959,0.8827880620956421,0.35107919573783875,0.6769379377365112,-0.1093958392739296,0.913789689540863,0.5457171201705933,0.7116067409515381,-0.027680668979883194,0.9326701760292053,0.357811838388443,0.7134608030319214,-0.22171750664710999,0.9685556888580322
243,0.5017126202583313,0.2742390036582947,-0.07558254897594452,0.9986963272094727,0.5001069903373718,0.264897882938385,-0.05760343000292778,0.9981108903884888,0.5005086064338684,0.2646692395210266,-0.057556986808776855,0.997365415096283,0.5007350444793701,0.2644695043563843,-0.05752590298652649,0.9979665279388428,0.49723759293556213,0.2648146450519562,-0.08599826693534851,0.9985983371734619,0.49230629205703735,0.26483526825904846,-0.08615951985120773,0.9984606504440308,0.49055370688438416,0.2645112872123718,-0.08619575947523117,0.9987797141075134,0.4944225251674652,0.2674817442893982,0.042408641427755356,0.9952484369277954,0.4792727828025818,0.26837486028671265,-0.08701576292514801,0.9981781244277954,0.5017266273498535,0.28321897983551025,-0.03550649434328079,0.9962308406829834,0.4976271688938141,0.2826240062713623,-0.07292701303958893,0.9967954754829407,0.4992218613624573,0.3092663288116455,0.144536554813385,0.9976081848144531,0.44761934876441956,0.3066697120666504,-0.13880136609077454,0.9988038539886475,0.49769312143325806,0.3517610430717468,0.26671868562698364,0.2347467690706253,0.40541625022888184,0.29016202688217163,-0.31380170583724976,0.9642075300216675,0.4823536276817322,0.37540414929389954,0.34691953659057617,0.23674532771110535,0.43963509798049927,0.2759940028190613,-0.3657834827899933,0.8433945178985596,0.47966939210891724,0.3846835196018219,0.3602438271045685,0.20576615631580353,0.4447936415672302,0.27207648754119873,-0.3993156850337982,0.7447750568389893,0.47951531410217285,0.3870367705821991,0.34136515855789185,0.2023533582687378,0.4456540048122406,0.27293363213539124,-0.37723106145858765,0.7318727970123291,0.4796811044216156,0.3844958245754242,0.33978548645973206,0.20870739221572876,0.43970030546188354,0.27790170907974243,-0.35995951294898987,0.704550564289093,0.4938330054283142,0.46309584379196167,0.08430776000022888,0.999700665473938,0.4684063494205475,0.4638008177280426,-0.08442867547273636,0.9997110962867737,0.49764928221702576,0.5695040822029114,0.03192806616425514,0.833567202091217,0.4477904438972473,0.5777814984321594,-0.1237349659204483,0.9653093218803406,0.5094091296195984,0.6826057434082031,0.0661940723657608,0.9326435327529907,0.3778926432132721,0.6716623902320862,-0.09957423806190491,0.9795371890068054,0.4997454285621643,0.7021148204803467,0.06361294537782669,0.8851809501647949,0.3880147337913513,0.6915600299835205,-0.10140545666217804,0.91684490442276,0.5186434388160706,0.7167212963104248,-0.03527970239520073,0.9353547096252441,0.41492849588394165,0.7119407653808594,-0.21484310925006866,0.9702087640762329
244,0.4947984218597412,0.2703075408935547,-0.09104668349027634,0.9988163709640503,0.4951265752315521,0.2617419362068176,-0.0711374580860138,0.9982804656028748,0.4961543083190918,0.261403352022171,-0.07107584923505783,0.9976000785827637,0.49947285652160645,0.2610619068145752,-0.07101403176784515,0.9981462955474854,0.4911227226257324,0.26179206371307373,-0.09391973167657852,0.9987286925315857,0.48623842000961304,0.2615470588207245,-0.09408019483089447,0.9986061453819275,0.4842762351036072,0.2611163854598999,-0.0941070020198822,0.9988943338394165,0.49340325593948364,0.26629579067230225,0.03866218030452728,0.9956963062286377,0.47446441650390625,0.2649851441383362,-0.06564466655254364,0.9983540177345276,0.4958813786506653,0.27949804067611694,-0.047929201275110245,0.9965918660163879,0.4872211515903473,0.2792271375656128,-0.07805299013853073,0.9971082806587219,0.5068958401679993,0.3109951913356781,0.1334514617919922,0.9978214502334595,0.44542011618614197,0.3036808967590332,-0.09687351435422897,0.9989219903945923,0.5095342993736267,0.348684698343277,0.22593577206134796,0.24571649730205536,0.3939664959907532,0.2990502119064331,-0.3057149052619934,0.967452347278595,0.4875260293483734,0.3569006323814392,0.2695201337337494,0.2447175681591034,0.4216233193874359,0.2734217345714569,-0.4436843991279602,0.8536334037780762,0.48312121629714966,0.3622448146343231,0.27366355061531067,0.20968589186668396,0.4215288758277893,0.2658708393573761,-0.4861961007118225,0.7568181753158569,0.4816783368587494,0.3629802465438843,0.2587626576423645,0.2064305692911148,0.43005698919296265,0.26574522256851196,-0.46650227904319763,0.7443227767944336,0.4824369549751282,0.3619566559791565,0.26367655396461487,0.2127462476491928,0.43182939291000366,0.27049320936203003,-0.4408511221408844,0.7183787822723389,0.4992602467536926,0.4614366590976715,0.07260505110025406,0.9997250437736511,0.466366708278656,0.4583194851875305,-0.0727737694978714,0.9997363686561584,0.4923596978187561,0.5701640248298645,0.035807717591524124,0.8365225195884705,0.45122164487838745,0.5783580541610718,-0.1291540414094925,0.9653345346450806,0.46980786323547363,0.6833315491676331,0.07729055732488632,0.9340444207191467,0.4112902283668518,0.6745094060897827,-0.12124864012002945,0.980581521987915,0.4566348195075989,0.7001358270645142,0.07448515295982361,0.8872385025024414,0.40082883834838867,0.6870884895324707,-0.12489335238933563,0.9204078912734985,0.4940795302391052,0.7178590893745422,-0.031683314591646194,0.9373036623001099,0.42491158843040466,0.7099106311798096,-0.24906210601329803,0.9718708395957947
245,0.5013947486877441,0.27367302775382996,-0.09368684887886047,0.9989230036735535,0.5002514719963074,0.26433077454566956,-0.07468082010746002,0.9984296560287476,0.50089031457901,0.2640005350112915,-0.0746270939707756,0.9978044629096985,0.5013383030891418,0.26367926597595215,-0.07457580417394638,0.9983024001121521,0.4966196119785309,0.26412761211395264,-0.10241653025150299,0.9988453388214111,0.4922332167625427,0.26377594470977783,-0.10258077085018158,0.9987360835075378,0.4902401864528656,0.26329636573791504,-0.1026095598936081,0.9989967942237854,0.4954032301902771,0.26585859060287476,0.03002716228365898,0.9960919618606567,0.4797065854072571,0.2665684223175049,-0.09614584594964981,0.998511552810669,0.5015884637832642,0.282279372215271,-0.05225919559597969,0.9969125390052795,0.49419450759887695,0.2819148302078247,-0.0887872725725174,0.9973874092102051,0.5027087926864624,0.30906450748443604,0.12613917887210846,0.9979963898658752,0.4491044878959656,0.3074435889720917,-0.14713957905769348,0.9990261197090149,0.5008440613746643,0.3226251006126404,0.2525644600391388,0.251139372587204,0.403323233127594,0.291376531124115,-0.3648146092891693,0.9704123139381409,0.4783706068992615,0.31656450033187866,0.3554239273071289,0.24948933720588684,0.42498141527175903,0.27168187499046326,-0.48071035742759705,0.8640993237495422,0.47309446334838867,0.3188783526420593,0.3662315011024475,0.21101856231689453,0.4282107353210449,0.2636840045452118,-0.5216149687767029,0.7709410786628723,0.47158926725387573,0.31990429759025574,0.35411033034324646,0.2076144963502884,0.4367043077945709,0.26320773363113403,-0.5014215707778931,0.7589063048362732,0.473370224237442,0.3199763298034668,0.3509189486503601,0.21468213200569153,0.43408241868019104,0.26832523941993713,-0.4771057665348053,0.7337697148323059,0.4958361089229584,0.4614662528038025,0.08103828132152557,0.9997459650039673,0.46802860498428345,0.46221932768821716,-0.08123168349266052,0.9997574687004089,0.4927670359611511,0.5705043077468872,0.04041355103254318,0.8393754959106445,0.4517223834991455,0.5785409808158875,-0.11496151983737946,0.9650624394416809,0.4773061275482178,0.6825262904167175,0.08107943832874298,0.9357345104217529,0.3798570930957794,0.6704401969909668,-0.09112119674682617,0.9812684655189514,0.4644394814968109,0.7004395723342896,0.07894540578126907,0.8897312879562378,0.39751365780830383,0.6887056827545166,-0.0927024856209755,0.9225224256515503,0.5043556094169617,0.7141050696372986,-0.020590143278241158,0.9390639662742615,0.42285090684890747,0.7098473310470581,-0.20964816212654114,0.9729287028312683
246,0.4992714524269104,0.2732723355293274,-0.10000263154506683,0.9990130066871643,0.4992658495903015,0.26330268383026123,-0.08197246491909027,0.9985511302947998,0.5021228790283203,0.2629738450050354,-0.08192215114831924,0.997969925403595,0.5032675862312317,0.26272422075271606,-0.08187076449394226,0.9984275698661804,0.4946069121360779,0.26329419016838074,-0.10577241331338882,0.998944103717804,0.48975688219070435,0.2630269527435303,-0.10594837367534637,0.9988478422164917,0.4874369502067566,0.26020509004592896,-0.10597185790538788,0.9990842938423157,0.49648594856262207,0.2650279998779297,0.023289494216442108,0.9964339137077332,0.4770187437534332,0.2662125527858734,-0.08516585826873779,0.9986492991447449,0.5004976987838745,0.28188496828079224,-0.05791275575757027,0.9971914887428284,0.49442964792251587,0.27881181240081787,-0.08924975991249084,0.99763423204422,0.5105341076850891,0.3076726198196411,0.12270908057689667,0.9981764554977417,0.4453694224357605,0.30182456970214844,-0.12112424522638321,0.9991216659545898,0.5099089741706848,0.3280598819255829,0.2675495445728302,0.2549225687980652,0.40755337476730347,0.2912490963935852,-0.30027294158935547,0.97291499376297,0.4883323609828949,0.3344521224498749,0.3886805474758148,0.24605059623718262,0.43644246459007263,0.2729402184486389,-0.3858092725276947,0.8690496683120728,0.48374423384666443,0.3395479619503021,0.4025518000125885,0.2053934782743454,0.43539389967918396,0.26893115043640137,-0.4185822606086731,0.7740011215209961,0.4828745424747467,0.3410828113555908,0.3884260654449463,0.20203056931495667,0.4368528425693512,0.2698940634727478,-0.40125298500061035,0.761757493019104,0.48412275314331055,0.3403347432613373,0.3846019506454468,0.20949365198612213,0.4384741187095642,0.27460113167762756,-0.38217172026634216,0.7361698150634766,0.5004560351371765,0.46114134788513184,0.07232797890901566,0.9997648000717163,0.46728333830833435,0.45880502462387085,-0.07251618802547455,0.9997766017913818,0.5005603432655334,0.5704299211502075,0.020004309713840485,0.8424941897392273,0.4338468611240387,0.5718607902526855,-0.11593369394540787,0.9642165899276733,0.5170668959617615,0.6821251511573792,0.0561484694480896,0.9378988742828369,0.36362940073013306,0.6727108955383301,-0.09991671144962311,0.9814302921295166,0.5091297626495361,0.7038730382919312,0.05332270264625549,0.8920645117759705,0.34782493114471436,0.6816602945327759,-0.1026945561170578,0.9226239323616028,0.5497015118598938,0.7111794948577881,-0.054026179015636444,0.9411855340003967,0.35856005549430847,0.7112536430358887,-0.22416961193084717,0.9736170768737793
247,0.5003346800804138,0.2668065130710602,-0.10409525781869888,0.9991045594215393,0.49981793761253357,0.2569383382797241,-0.08457937836647034,0.998683750629425,0.5006701946258545,0.25670406222343445,-0.08452828973531723,0.9981540441513062,0.5012773275375366,0.2564212381839752,-0.0844731405377388,0.9985663890838623,0.4929512143135071,0.25453776121139526,-0.11065684258937836,0.9990436434745789,0.49159854650497437,0.2569558918476105,-0.11079798638820648,0.9989579319953918,0.48954176902770996,0.2567230463027954,-0.1108417883515358,0.9991707801818848,0.4956313669681549,0.261931836605072,0.02452445961534977,0.9967687726020813,0.4793725907802582,0.26116296648979187,-0.09374957531690598,0.9987794756889343,0.5010236501693726,0.2773609161376953,-0.060818739235401154,0.9974594712257385,0.4931239187717438,0.2770361304283142,-0.09500174969434738,0.9978639483451843,0.5045205950737,0.3078940510749817,0.12931804358959198,0.9983180165290833,0.44870907068252563,0.30201083421707153,-0.150253564119339,0.9992074966430664,0.49656787514686584,0.3483230471611023,0.23650214076042175,0.25177350640296936,0.4096272587776184,0.30914467573165894,-0.39993318915367126,0.9753472805023193,0.47144612669944763,0.35136914253234863,0.3063015937805176,0.2524905800819397,0.42632943391799927,0.27648982405662537,-0.6020570993423462,0.8803106546401978,0.46539536118507385,0.3566685914993286,0.3142828345298767,0.2104455828666687,0.42225438356399536,0.26927006244659424,-0.657537579536438,0.7926374077796936,0.465567022562027,0.35558682680130005,0.2965126931667328,0.20749936997890472,0.43094658851623535,0.2681330442428589,-0.638496994972229,0.7813535928726196,0.467388391494751,0.3543106019496918,0.29969078302383423,0.21447095274925232,0.42881718277931213,0.273112416267395,-0.6001877784729004,0.7571016550064087,0.4971758723258972,0.46116384863853455,0.08702889829874039,0.9997856616973877,0.4685073792934418,0.4614853262901306,-0.08709978312253952,0.9997972846031189,0.49711722135543823,0.5718356370925903,0.06952982395887375,0.8486138582229614,0.44401636719703674,0.5795204639434814,-0.14935922622680664,0.96600341796875,0.5095891356468201,0.6821613311767578,0.129805326461792,0.9408093690872192,0.3732733130455017,0.6724772453308105,-0.12978173792362213,0.9827675819396973,0.49932950735092163,0.6998528242111206,0.12851408123970032,0.8953940868377686,0.38324105739593506,0.6881535649299622,-0.13272298872470856,0.926912784576416,0.5336753129959106,0.7071154117584229,0.019783230498433113,0.9439295530319214,0.4037342965602875,0.7085827589035034,-0.2650800943374634,0.9755115509033203
248,0.5008204579353333,0.26854461431503296,-0.11697008460760117,0.9991843104362488,0.5007010698318481,0.25925010442733765,-0.09505738317966461,0.99879390001297,0.5016406178474426,0.25888627767562866,-0.09502729773521423,0.9983083605766296,0.5039353966712952,0.2584803104400635,-0.09498167783021927,0.9986831545829773,0.4962201714515686,0.25950887799263,-0.12158086150884628,0.9991278052330017,0.4920359253883362,0.25929203629493713,-0.12171445786952972,0.9990528225898743,0.489814817905426,0.2588948607444763,-0.12173067033290863,0.9992446303367615,0.49609118700027466,0.26286789774894714,0.024259300902485847,0.9970627427101135,0.47902560234069824,0.2620013356208801,-0.09593547135591507,0.9988937973976135,0.5014365911483765,0.27802491188049316,-0.07027558982372284,0.9977019429206848,0.4933251440525055,0.27795326709747314,-0.10494734346866608,0.9980711936950684,0.5048425197601318,0.3074185252189636,0.13839946687221527,0.9984738230705261,0.44662079215049744,0.30192089080810547,-0.13990208506584167,0.9992857575416565,0.517347514629364,0.3708804249763489,0.22356733679771423,0.26446273922920227,0.4101952910423279,0.31344538927078247,-0.37599244713783264,0.9776436686515808,0.49954262375831604,0.39989545941352844,0.22709958255290985,0.2693479061126709,0.43544816970825195,0.27675938606262207,-0.5273773074150085,0.8906261324882507,0.49690669775009155,0.41134190559387207,0.2296871691942215,0.22185006737709045,0.427938848733902,0.2682628631591797,-0.5756877064704895,0.8085993528366089,0.4939071536064148,0.41092929244041443,0.20964844524860382,0.21905401349067688,0.43647655844688416,0.26749151945114136,-0.5542351007461548,0.7979166507720947,0.493607759475708,0.40751534700393677,0.21842284500598907,0.22560472786426544,0.43332022428512573,0.2731802463531494,-0.5236672759056091,0.7746821045875549,0.49837660789489746,0.46167904138565063,0.082509845495224,0.9998035430908203,0.4676431119441986,0.45962387323379517,-0.08259513229131699,0.9998147487640381,0.4924929738044739,0.5731804966926575,0.051492441445589066,0.8558750152587891,0.44483309984207153,0.5826643109321594,-0.11182920634746552,0.9677010774612427,0.4741358160972595,0.6848974227905273,0.12364747375249863,0.9432604312896729,0.3767816424369812,0.6688166260719299,-0.07207978516817093,0.9839040637016296,0.4616847038269043,0.7019186019897461,0.12284906208515167,0.8971255421638489,0.39811229705810547,0.6890124082565308,-0.0738176703453064,0.9299732446670532,0.49932193756103516,0.7185937166213989,0.010520399548113346,0.9465080499649048,0.41755494475364685,0.71341472864151,-0.20455124974250793,0.9771525859832764
249,0.5033167004585266,0.27434852719306946,-0.10543923079967499,0.9992526173591614,0.5025262236595154,0.26414528489112854,-0.08589666336774826,0.9988917708396912,0.5033311247825623,0.2636961340904236,-0.08583609014749527,0.9984418749809265,0.503896951675415,0.2632768154144287,-0.08577686548233032,0.9987819194793701,0.49567365646362305,0.264506459236145,-0.11255912482738495,0.9992033243179321,0.49356895685195923,0.2642293870449066,-0.11270608007907867,0.9991365671157837,0.49121060967445374,0.26392921805381775,-0.11273684352636337,0.9993098378181458,0.49708446860313416,0.26568084955215454,0.024041149765253067,0.9973129630088806,0.4799131751060486,0.2677050232887268,-0.09595898538827896,0.9989941120147705,0.5035606622695923,0.2831023931503296,-0.06141625717282295,0.997905969619751,0.4951351284980774,0.28331565856933594,-0.0961684137582779,0.998248279094696,0.5052787661552429,0.30787330865859985,0.1282791793346405,0.9985944032669067,0.4501408040523529,0.30761003494262695,-0.1539878398180008,0.99935382604599,0.5049859881401062,0.34192579984664917,0.24443359673023224,0.2601887583732605,0.4152786135673523,0.3146972954273224,-0.3819335401058197,0.9794940948486328,0.4844956398010254,0.3412999212741852,0.3341381251811981,0.2691672742366791,0.43859487771987915,0.2794765532016754,-0.5283316969871521,0.8982836604118347,0.4802594780921936,0.3449647128582001,0.3438448905944824,0.2206755429506302,0.43089762330055237,0.2685273289680481,-0.5738435983657837,0.820365846157074,0.4794226586818695,0.34411752223968506,0.32987719774246216,0.21794040501117706,0.4400452971458435,0.2681320309638977,-0.5553019046783447,0.8101395964622498,0.48083049058914185,0.34363532066345215,0.3287874162197113,0.22500981390476227,0.44132480025291443,0.27360036969184875,-0.525321900844574,0.7871740460395813,0.4971323609352112,0.4637575149536133,0.08152616024017334,0.9998177289962769,0.46854275465011597,0.4617787301540375,-0.08164477348327637,0.999828577041626,0.4965539574623108,0.5718587040901184,0.04534410312771797,0.8583869934082031,0.4290303587913513,0.5783640742301941,-0.09860537946224213,0.9668079018592834,0.5170784592628479,0.6817123889923096,0.09312571585178375,0.9446389079093933,0.3619862198829651,0.674485445022583,-0.06724683940410614,0.983963668346405,0.5092849135398865,0.7025519013404846,0.09103771299123764,0.8984829187393188,0.349193811416626,0.682543158531189,-0.0690581351518631,0.9293302297592163,0.5463582873344421,0.7088102698326111,-0.017137734219431877,0.9476987719535828,0.3618086576461792,0.7124768495559692,-0.1934957057237625,0.9774786233901978
250,0.49878931045532227,0.2748509645462036,-0.09470667690038681,0.9993187785148621,0.4992046356201172,0.264128178358078,-0.07438360154628754,0.9989842176437378,0.5003915429115295,0.2634502649307251,-0.07434792071580887,0.9985718131065369,0.501300036907196,0.2627570629119873,-0.0743040069937706,0.9988808035850525,0.4921487867832184,0.26436054706573486,-0.10056141763925552,0.9992733597755432,0.4897680878639221,0.26374489068984985,-0.10069139301776886,0.999215304851532,0.4871438443660736,0.2630164623260498,-0.10069899260997772,0.9993711709976196,0.49559345841407776,0.2640003561973572,0.03975746035575867,0.9975597858428955,0.4770523011684418,0.26509207487106323,-0.08008584380149841,0.9990883469581604,0.4991251826286316,0.2834399938583374,-0.049602050334215164,0.9981060028076172,0.49082016944885254,0.28374025225639343,-0.08408648520708084,0.9984188079833984,0.5040460824966431,0.3102136254310608,0.1508491486310959,0.998725414276123,0.4462374746799469,0.3035091161727905,-0.1237700805068016,0.9994179010391235,0.5122907161712646,0.37139639258384705,0.24663016200065613,0.26766180992126465,0.4046575427055359,0.30891239643096924,-0.3648976683616638,0.981389582157135,0.49330049753189087,0.4091969132423401,0.2690705358982086,0.2804908752441406,0.4273715913295746,0.2747216522693634,-0.5316184163093567,0.906726062297821,0.4905659556388855,0.4231274724006653,0.27513667941093445,0.2281116098165512,0.42823973298072815,0.2711964249610901,-0.5803818702697754,0.8334426879882812,0.48706308007240295,0.422962486743927,0.255851149559021,0.2255837321281433,0.4319925904273987,0.27086788415908813,-0.558459997177124,0.8237723112106323,0.4870561957359314,0.41875821352005005,0.2617083489894867,0.23205077648162842,0.4344576895236969,0.271578848361969,-0.5280071496963501,0.8018192052841187,0.4984317421913147,0.4629359841346741,0.0847213938832283,0.9998337030410767,0.46805113554000854,0.4614500105381012,-0.08483308553695679,0.9998443722724915,0.49102982878685,0.5698232054710388,0.06960660964250565,0.8616042137145996,0.45145243406295776,0.5839864611625671,-0.1555568128824234,0.9684901237487793,0.4660801291465759,0.6812783479690552,0.13719959557056427,0.94578617811203,0.41716331243515015,0.678607702255249,-0.1421273797750473,0.9851468205451965,0.45313340425491333,0.6970844268798828,0.13614490628242493,0.9001146554946899,0.40808019042015076,0.6895408630371094,-0.14573390781879425,0.9337754845619202,0.4903688430786133,0.7154831886291504,0.030012283474206924,0.9496042728424072,0.4304512143135071,0.7161064147949219,-0.2774718999862671,0.9791885614395142
251,0.4991406798362732,0.2673938274383545,-0.06954209506511688,0.9993448853492737,0.49903446435928345,0.2576832175254822,-0.05180663987994194,0.999025285243988,0.4998972415924072,0.25741666555404663,-0.05175962299108505,0.9986310005187988,0.500491738319397,0.2571210265159607,-0.0517432764172554,0.9989277124404907,0.495371013879776,0.25791358947753906,-0.075443796813488,0.9993098378181458,0.4901634752750397,0.25778037309646606,-0.07560210675001144,0.9992620348930359,0.4883647561073303,0.2575932741165161,-0.07564453780651093,0.9994086623191833,0.4962659776210785,0.26305854320526123,0.046385668218135834,0.9977155327796936,0.47763925790786743,0.26198458671569824,-0.06152443215250969,0.9991549253463745,0.500850260257721,0.2781199812889099,-0.03050881065428257,0.9982514977455139,0.4922246038913727,0.27787256240844727,-0.06164092943072319,0.9985531568527222,0.5022883415222168,0.3083113431930542,0.12797820568084717,0.9987630248069763,0.44670480489730835,0.30175480246543884,-0.10263583809137344,0.9994702935218811,0.49469423294067383,0.3501763641834259,0.2315281331539154,0.2665349543094635,0.40397316217422485,0.3002113699913025,-0.31924405694007874,0.9825888872146606,0.4652749001979828,0.37489083409309387,0.2975076138973236,0.27765029668807983,0.4327954649925232,0.2709539532661438,-0.44544464349746704,0.9080471396446228,0.45912522077560425,0.38573914766311646,0.304216593503952,0.2267311066389084,0.436309814453125,0.2680007815361023,-0.4863060414791107,0.833173930644989,0.4558340013027191,0.38748452067375183,0.289884477853775,0.22428889572620392,0.43765029311180115,0.26843947172164917,-0.46566709876060486,0.8234462738037109,0.45720353722572327,0.3841790556907654,0.2931067645549774,0.2311444729566574,0.43895846605300903,0.27326929569244385,-0.44171008467674255,0.8025333881378174,0.4967760145664215,0.45993542671203613,0.07251735776662827,0.9998339414596558,0.4699365198612213,0.4583870768547058,-0.07282579690217972,0.9998527765274048,0.45010218024253845,0.5685736536979675,0.07326927036046982,0.8471683859825134,0.4886097013950348,0.5859536528587341,-0.1337689459323883,0.967788815498352,0.3718547523021698,0.6698257327079773,0.14174316823482513,0.9367932677268982,0.5129574537277222,0.6827855110168457,-0.1272006779909134,0.9854778051376343,0.36917415261268616,0.6874618530273438,0.14311520755290985,0.893986165523529,0.5039561986923218,0.702877402305603,-0.12900935113430023,0.9358999729156494,0.3966274857521057,0.7000882029533386,0.061550091952085495,0.943877637386322,0.5379323363304138,0.7097262144088745,-0.2435547560453415,0.9795201420783997
252,0.5101857781410217,0.2719724178314209,-0.06558644771575928,0.9994015097618103,0.508144199848175,0.2622799873352051,-0.0437883697450161,0.9991092085838318,0.5086607336997986,0.26217642426490784,-0.04375147074460983,0.998748242855072,0.5099526047706604,0.2620614171028137,-0.0437355563044548,0.9990202784538269,0.5044407248497009,0.2617335617542267,-0.07452242821455002,0.9993708729743958,0.5023303627967834,0.25978460907936096,-0.07466406375169754,0.9993294477462769,0.49831756949424744,0.25950324535369873,-0.0746777281165123,0.9994621872901917,0.4988425374031067,0.2646667957305908,0.06843551993370056,0.9979285001754761,0.4847913384437561,0.26250970363616943,-0.07381509989500046,0.9992339015007019,0.5075109004974365,0.2817833125591278,-0.022235341370105743,0.9984188675880432,0.5026520490646362,0.2790777385234833,-0.06302903592586517,0.9986936450004578,0.500388503074646,0.31251609325408936,0.168404221534729,0.9988700151443481,0.44845351576805115,0.304193913936615,-0.12425491958856583,0.9995225667953491,0.49142923951148987,0.3793141543865204,0.2916763126850128,0.26738467812538147,0.39590057730674744,0.3062751293182373,-0.39438629150390625,0.9841961860656738,0.47607818245887756,0.43434327840805054,0.34605979919433594,0.27879467606544495,0.42209750413894653,0.280467689037323,-0.553994357585907,0.9153211712837219,0.4751679003238678,0.4525095820426941,0.3576551079750061,0.22757744789123535,0.42095842957496643,0.2723958492279053,-0.5999473333358765,0.8443296551704407,0.47196102142333984,0.4548470079898834,0.33749207854270935,0.2260100394487381,0.42927274107933044,0.2713868319988251,-0.5748283267021179,0.8352340459823608,0.4708748459815979,0.4487389922142029,0.3385767340660095,0.23336878418922424,0.43128377199172974,0.27505016326904297,-0.5491514801979065,0.8157601952552795,0.49563464522361755,0.4707217216491699,0.08772190660238266,0.9998470544815063,0.47270745038986206,0.46804720163345337,-0.08796564489603043,0.999866247177124,0.44094642996788025,0.5795369744300842,0.05483422428369522,0.8570092916488647,0.4980490207672119,0.5798091292381287,-0.13627822697162628,0.9700904488563538,0.369055837392807,0.6696944832801819,0.12903662025928497,0.9405254125595093,0.5191898345947266,0.6851123571395874,-0.09941396862268448,0.9865250587463379,0.36009711027145386,0.6845836639404297,0.13136519491672516,0.9001790285110474,0.5113826394081116,0.7039938569068909,-0.1002642884850502,0.9393561482429504,0.36760038137435913,0.7007794380187988,0.04562446475028992,0.9476142525672913,0.5473270416259766,0.7071347236633301,-0.2145344465970993,0.981009304523468
253,0.5114622712135315,0.2707398235797882,-0.10834258794784546,0.9994558095932007,0.5093249082565308,0.26024681329727173,-0.08778227120637894,0.9991840124130249,0.5090339183807373,0.25986340641975403,-0.08777430653572083,0.9988532662391663,0.5084759593009949,0.25953173637390137,-0.08776863664388657,0.9991027116775513,0.5066935420036316,0.25989893078804016,-0.12330992519855499,0.9994262456893921,0.5020468235015869,0.2568691074848175,-0.12347064167261124,0.9993905425071716,0.4993404746055603,0.25613608956336975,-0.12346883118152618,0.9995099306106567,0.4954163432121277,0.2615361213684082,0.024426449090242386,0.9981197714805603,0.48032236099243164,0.2592213451862335,-0.1372145116329193,0.9993056058883667,0.5083544850349426,0.27956438064575195,-0.06419794261455536,0.9985705018043518,0.5027755498886108,0.27757707238197327,-0.11072741448879242,0.9988203644752502,0.49365347623825073,0.3099427819252014,0.14523500204086304,0.9989781379699707,0.44671431183815,0.3004108667373657,-0.20026317238807678,0.9995697140693665,0.49017173051834106,0.37145736813545227,0.25457167625427246,0.2619016468524933,0.40337514877319336,0.3157532811164856,-0.4524663984775543,0.9856667518615723,0.4661727845668793,0.42421168088912964,0.2953639328479767,0.27405235171318054,0.4316949248313904,0.2761518359184265,-0.5609187483787537,0.9223988652229309,0.4621322751045227,0.44177430868148804,0.3074984550476074,0.2222716510295868,0.4302946925163269,0.26983389258384705,-0.6072260141372681,0.8554362654685974,0.4601058065891266,0.443260133266449,0.28884536027908325,0.2204839289188385,0.4391203820705414,0.27370667457580566,-0.5725846290588379,0.8465110063552856,0.46112626791000366,0.43773704767227173,0.287383109331131,0.22733812034130096,0.4404142498970032,0.27394962310791016,-0.5511369705200195,0.8268874883651733,0.4959118962287903,0.4660259187221527,0.09933871775865555,0.9998608827590942,0.4717786908149719,0.46512383222579956,-0.0993703305721283,0.9998782277107239,0.4996832013130188,0.5755512118339539,0.05757767707109451,0.8645815849304199,0.44137483835220337,0.5882488489151001,-0.09903066605329514,0.9721330404281616,0.5176411867141724,0.6854264736175537,0.1376984417438507,0.9441508054733276,0.36545711755752563,0.6727436780929565,-0.014628013595938683,0.9875091910362244,0.48756903409957886,0.6998851299285889,0.13836373388767242,0.903876543045044,0.35192716121673584,0.6799649000167847,-0.011709466576576233,0.9431195855140686,0.5384505391120911,0.7082371711730957,0.03450416028499603,0.9508543014526367,0.35942885279655457,0.7128255367279053,-0.12522099912166595,0.9823957681655884
254,0.51332688331604,0.27026888728141785,-0.10488666594028473,0.9995034337043762,0.5112555027008057,0.2605797350406647,-0.08274752646684647,0.9992485046386719,0.5112172365188599,0.2604520618915558,-0.08272475749254227,0.9989430904388428,0.5110198855400085,0.26036790013313293,-0.08272464573383331,0.9991746544837952,0.5072267055511475,0.2601786255836487,-0.11782057583332062,0.999474287033081,0.505082368850708,0.2596839368343353,-0.1179967150092125,0.9994438886642456,0.5026429295539856,0.2592109441757202,-0.11800111830234528,0.9995517134666443,0.49837246537208557,0.26490268111228943,0.03388386219739914,0.9982868432998657,0.48552075028419495,0.2632315158843994,-0.12675058841705322,0.9993690252304077,0.5093372464179993,0.2800045311450958,-0.059689056128263474,0.9987057447433472,0.505374550819397,0.27957484126091003,-0.10582791268825531,0.9989339709281921,0.4987427294254303,0.31552350521087646,0.14865539968013763,0.9990758895874023,0.4482272267341614,0.3048381209373474,-0.18340425193309784,0.9996123313903809,0.48654991388320923,0.383928507566452,0.2527160346508026,0.2606448233127594,0.40142732858657837,0.31086626648902893,-0.43128329515457153,0.9870049953460693,0.4808778762817383,0.4403463304042816,0.2682107388973236,0.2744537591934204,0.4270878732204437,0.2754024863243103,-0.534823477268219,0.9286492466926575,0.4823076128959656,0.45814210176467896,0.27686870098114014,0.22260114550590515,0.42695945501327515,0.2665763795375824,-0.5800856351852417,0.864563524723053,0.4819808900356293,0.46013349294662476,0.2517951726913452,0.22117184102535248,0.4352344572544098,0.2708075940608978,-0.5457661747932434,0.8557412028312683,0.48057085275650024,0.45443645119667053,0.25670257210731506,0.22763961553573608,0.4362930655479431,0.27164220809936523,-0.5258896946907043,0.8361842632293701,0.4979255199432373,0.46602267026901245,0.09590107947587967,0.9998725652694702,0.47260576486587524,0.46892887353897095,-0.09594530612230301,0.99988853931427,0.49942559003829956,0.5736866593360901,0.015673184767365456,0.8722509145736694,0.44375643134117126,0.5847948789596558,-0.11369968950748444,0.9739779829978943,0.5141794681549072,0.6837505102157593,0.09272733330726624,0.9473170042037964,0.36939936876296997,0.6723145246505737,-0.03626329451799393,0.9883458614349365,0.4863262176513672,0.7001310586929321,0.09347383677959442,0.9071016311645508,0.3521832525730133,0.6819188594818115,-0.03471865877509117,0.9460402727127075,0.5408016443252563,0.7062194347381592,-0.012281656265258789,0.9537684321403503,0.36623451113700867,0.7110199928283691,-0.1556711196899414,0.983566164970398
255,0.5052093267440796,0.27165764570236206,-0.0950927883386612,0.9995373487472534,0.5033948421478271,0.2617109715938568,-0.07213801890611649,0.9993007183074951,0.5037272572517395,0.2612787187099457,-0.07211339473724365,0.9990159273147583,0.5038098096847534,0.26091188192367554,-0.07212837040424347,0.9992356896400452,0.49725255370140076,0.26183176040649414,-0.10465625673532486,0.9995133280754089,0.4950563311576843,0.2614184617996216,-0.10483977943658829,0.9994881749153137,0.4926190972328186,0.2610166668891907,-0.10488766431808472,0.9995875954627991,0.49400705099105835,0.2658742070198059,0.041044171899557114,0.9984305500984192,0.47644466161727905,0.26541322469711304,-0.10802482068538666,0.9994239807128906,0.5039286613464355,0.28116142749786377,-0.052065350115299225,0.9988240599632263,0.49685630202293396,0.2814421057701111,-0.09500548988580704,0.9990336894989014,0.49878931045532227,0.32216882705688477,0.1426081508398056,0.9991458058357239,0.4491508901119232,0.31252390146255493,-0.16103869676589966,0.9996492862701416,0.49009138345718384,0.377699077129364,0.27846914529800415,0.25548699498176575,0.39590707421302795,0.2949036955833435,-0.3936176300048828,0.9881303310394287,0.466377317905426,0.42281827330589294,0.34364762902259827,0.26287028193473816,0.4311024248600006,0.27484583854675293,-0.4651404023170471,0.9305633902549744,0.46174317598342896,0.4385398328304291,0.35336774587631226,0.21356011927127838,0.4386395812034607,0.26723405718803406,-0.5025959014892578,0.8629485964775085,0.45915135741233826,0.4409340023994446,0.3353331983089447,0.21246448159217834,0.4379773736000061,0.2718133330345154,-0.47460541129112244,0.8536854386329651,0.4600334167480469,0.4357829689979553,0.33622726798057556,0.21953031420707703,0.4387786388397217,0.2724505662918091,-0.4580877423286438,0.8354076147079468,0.49443572759628296,0.4766080975532532,0.08604124933481216,0.9998810291290283,0.47357377409935,0.4735209047794342,-0.08622769266366959,0.9998970627784729,0.44756489992141724,0.5800227522850037,0.026305239647626877,0.8750320076942444,0.4925363063812256,0.5885696411132812,-0.05335228890180588,0.9743567705154419,0.38645732402801514,0.6744408011436462,0.11266784369945526,0.947081983089447,0.5173578262329102,0.6886502504348755,0.030180836096405983,0.9884433150291443,0.3718501329421997,0.6909040212631226,0.11640720069408417,0.9087753295898438,0.5072426199913025,0.7057157754898071,0.034725215286016464,0.9467743635177612,0.36816155910491943,0.7060889601707458,0.02988046407699585,0.9547794461250305,0.5465869903564453,0.7076317667961121,-0.06638088822364807,0.983870267868042
256,0.5134739875793457,0.2683125436306,-0.08758457750082016,0.9995402097702026,0.5099309086799622,0.2586631774902344,-0.06751415133476257,0.9993026852607727,0.5096874237060547,0.2584966719150543,-0.06750829517841339,0.9990187287330627,0.5092673897743225,0.2583761215209961,-0.0675550177693367,0.999252200126648,0.5056924819946289,0.25870203971862793,-0.1020210012793541,0.9995169043540955,0.5036208033561707,0.2584652304649353,-0.10221151262521744,0.9995013475418091,0.5012818574905396,0.2582606077194214,-0.10225804895162582,0.9995991587638855,0.49570050835609436,0.2638927698135376,0.03698820248246193,0.998510479927063,0.483695924282074,0.2634037137031555,-0.12193940579891205,0.9994560480117798,0.5087868571281433,0.27821171283721924,-0.0468340739607811,0.998916506767273,0.5053786635398865,0.2780500054359436,-0.09247691184282303,0.9991142749786377,0.4907322824001312,0.31594395637512207,0.1429092288017273,0.9992080926895142,0.4498150944709778,0.3112965226173401,-0.1729620397090912,0.9996821284294128,0.48880892992019653,0.3769969642162323,0.28174611926078796,0.24592292308807373,0.39473795890808105,0.30196309089660645,-0.4041976034641266,0.9890742897987366,0.47904911637306213,0.43523091077804565,0.34202784299850464,0.24801906943321228,0.43030673265457153,0.275834858417511,-0.470146507024765,0.9306050539016724,0.47894787788391113,0.4534692168235779,0.35344207286834717,0.20192937552928925,0.4402199685573578,0.27300333976745605,-0.5068897604942322,0.8576211333274841,0.4771805703639984,0.45660194754600525,0.33335375785827637,0.201271653175354,0.43819838762283325,0.27327269315719604,-0.47603410482406616,0.8477969169616699,0.47627243399620056,0.4506111741065979,0.3333110213279724,0.20872803032398224,0.4393884539604187,0.2775523066520691,-0.4614759385585785,0.8300086855888367,0.49442729353904724,0.4725983142852783,0.08654748648405075,0.9998857975006104,0.4738788604736328,0.4749012589454651,-0.08676640689373016,0.9999033808708191,0.4445311427116394,0.5816090703010559,0.04640056937932968,0.8769338130950928,0.494905948638916,0.5879329442977905,-0.049247171729803085,0.9745205640792847,0.36829107999801636,0.6711618304252625,0.13227815926074982,0.9471057057380676,0.5153780579566956,0.6875406503677368,0.04351433366537094,0.9882740378379822,0.36810746788978577,0.6909852623939514,0.13614574074745178,0.9107080101966858,0.5054932832717896,0.7035465240478516,0.0485629178583622,0.9470786452293396,0.3683815896511078,0.700411319732666,0.053536951541900635,0.9556335806846619,0.5419769287109375,0.7075934410095215,-0.047377537935972214,0.9837778210639954
257,0.5140964984893799,0.2679809331893921,-0.10635808855295181,0.9995753169059753,0.5104817152023315,0.2584068179130554,-0.08518407493829727,0.9993485808372498,0.5102020502090454,0.258300244808197,-0.08519025146961212,0.9990828633308411,0.5098718404769897,0.25944769382476807,-0.08522789180278778,0.9993051886558533,0.506659209728241,0.25837311148643494,-0.12183962017297745,0.9995520114898682,0.5046477913856506,0.25814926624298096,-0.12202540785074234,0.9995406270027161,0.5023300051689148,0.25797176361083984,-0.12205196917057037,0.9996299743652344,0.4962443709373474,0.2637588381767273,0.02593834325671196,0.9986349940299988,0.48483651876449585,0.26317349076271057,-0.1424189805984497,0.9995037317276001,0.5096679329872131,0.27810296416282654,-0.06336825340986252,0.9990175366401672,0.5064220428466797,0.27780407667160034,-0.11175157129764557,0.9991987943649292,0.4906077980995178,0.31639331579208374,0.14087064564228058,0.9992823004722595,0.44936174154281616,0.31109553575515747,-0.19954141974449158,0.9997134208679199,0.48914751410484314,0.38236528635025024,0.27210620045661926,0.2383878082036972,0.39864581823349,0.30107128620147705,-0.4461720883846283,0.9900542497634888,0.48076510429382324,0.4405001699924469,0.32204800844192505,0.23770417273044586,0.4300357401371002,0.2759391665458679,-0.5163400173187256,0.9338343739509583,0.4810088276863098,0.45860975980758667,0.33327993750572205,0.19369618594646454,0.4411022663116455,0.27225393056869507,-0.5573828816413879,0.8593230247497559,0.48066410422325134,0.4616164565086365,0.31079378724098206,0.19338269531726837,0.43836793303489685,0.27322137355804443,-0.5213960409164429,0.8491131067276001,0.4799080789089203,0.45573368668556213,0.31170037388801575,0.20106913149356842,0.4393896460533142,0.27743324637413025,-0.5066515803337097,0.8312405347824097,0.49450165033340454,0.4741457402706146,0.09586725383996964,0.9998952150344849,0.4723740518093109,0.476246178150177,-0.0959247499704361,0.9999113082885742,0.49175015091896057,0.5785716772079468,0.02997775748372078,0.880930483341217,0.46030324697494507,0.5961426496505737,-0.04894198849797249,0.975737452507019,0.4567495286464691,0.6798241138458252,0.12950804829597473,0.9487186074256897,0.4260134696960449,0.6749548316001892,0.06268177926540375,0.9889517426490784,0.4435402750968933,0.6966080069541931,0.13323834538459778,0.9122400283813477,0.41651028394699097,0.686253547668457,0.06935267895460129,0.9498409032821655,0.47846347093582153,0.7084445953369141,0.03886178508400917,0.9575191140174866,0.4404987692832947,0.7052227854728699,-0.03376975283026695,0.9847285747528076
258,0.5146756172180176,0.26907822489738464,-0.11674731969833374,0.9996136426925659,0.5111762881278992,0.25946855545043945,-0.09432098269462585,0.9994028210639954,0.5108679533004761,0.2592812776565552,-0.09432011842727661,0.9991585612297058,0.5105448365211487,0.2604677677154541,-0.09434496611356735,0.9993641376495361,0.507109522819519,0.2593730688095093,-0.1322816163301468,0.9995914101600647,0.505092203617096,0.2590700685977936,-0.1324736773967743,0.9995823502540588,0.502743124961853,0.25883299112319946,-0.13249631226062775,0.9996629953384399,0.4966669976711273,0.264545738697052,0.022489406168460846,0.9987597465515137,0.4851553440093994,0.26372236013412476,-0.15164870023727417,0.9995504021644592,0.5116374492645264,0.2786325216293335,-0.07185911387205124,0.9991121292114258,0.5066524147987366,0.27851176261901855,-0.12187536060810089,0.9992769956588745,0.4900418221950531,0.31869885325431824,0.14066864550113678,0.9993513226509094,0.44947394728660583,0.31217002868652344,-0.21366193890571594,0.999741792678833,0.48383840918540955,0.3874202370643616,0.25578102469444275,0.23430414497852325,0.3995475471019745,0.3023661971092224,-0.48458132147789,0.9909820556640625,0.4749618172645569,0.44343632459640503,0.29195159673690796,0.23451830446720123,0.42892926931381226,0.2755899727344513,-0.5690677165985107,0.9386930465698242,0.47522300481796265,0.4609869122505188,0.30259019136428833,0.19084414839744568,0.4364682137966156,0.2685215175151825,-0.6134321689605713,0.8664926290512085,0.4758125841617584,0.46388474106788635,0.28054100275039673,0.19073909521102905,0.4370587468147278,0.27209436893463135,-0.5730637907981873,0.8562192916870117,0.4750228524208069,0.4584236145019531,0.28120359778404236,0.1983317881822586,0.43818989396095276,0.27648141980171204,-0.5583224296569824,0.8381769061088562,0.49459943175315857,0.4750778079032898,0.10050083696842194,0.9999048113822937,0.47199082374572754,0.4776211380958557,-0.10049579292535782,0.9999192357063293,0.4978446066379547,0.5812515020370483,0.01835516467690468,0.8878351449966431,0.4462696611881256,0.5943930149078369,-0.0538695752620697,0.9772730469703674,0.4865419268608093,0.6839443445205688,0.11481915414333344,0.9519525766372681,0.3703315258026123,0.6699167490005493,0.06859073042869568,0.9897031188011169,0.4747191071510315,0.7011504173278809,0.11768217384815216,0.9156463742256165,0.3586274981498718,0.6773830056190491,0.07503921538591385,0.952468991279602,0.5138117074966431,0.7130426168441772,0.011430319398641586,0.9603946805000305,0.4003695845603943,0.7012890577316284,-0.03710699453949928,0.9857975244522095
259,0.5124356150627136,0.27226996421813965,-0.12984438240528107,0.9996457099914551,0.5097333788871765,0.2621079087257385,-0.10837606340646744,0.999445378780365,0.5096558928489685,0.26189935207366943,-0.10838563740253448,0.9992181062698364,0.5094122290611267,0.2618173658847809,-0.10840489715337753,0.9994102716445923,0.5052610635757446,0.26067042350769043,-0.14460313320159912,0.9996234774589539,0.5030163526535034,0.26034310460090637,-0.1447845697402954,0.999617338180542,0.5005031824111938,0.2600759267807007,-0.1448015570640564,0.9996899962425232,0.4963570237159729,0.2654794752597809,0.008856788277626038,0.9988663792610168,0.4839778542518616,0.26627010107040405,-0.15779182314872742,0.9995904564857483,0.5081074237823486,0.2812725007534027,-0.08453816920518875,0.9991961717605591,0.5040822625160217,0.27994266152381897,-0.13240164518356323,0.9993467330932617,0.49642863869667053,0.3191501796245575,0.1372428983449936,0.9994136095046997,0.44962239265441895,0.31321778893470764,-0.21021442115306854,0.9997673034667969,0.4984750747680664,0.3890168368816376,0.2879626452922821,0.23163528740406036,0.39990612864494324,0.307036817073822,-0.47182685136795044,0.9918203353881836,0.4995446801185608,0.4447751045227051,0.35355621576309204,0.22978591918945312,0.42821794748306274,0.27542054653167725,-0.5663343071937561,0.9431989789009094,0.5020878911018372,0.46205925941467285,0.37069374322891235,0.18610729277133942,0.43220382928848267,0.2669251561164856,-0.6074129939079285,0.8735008239746094,0.5030492544174194,0.4643569588661194,0.3456948697566986,0.18630123138427734,0.43603262305259705,0.2719378173351288,-0.5712805390357971,0.8632968664169312,0.5011894702911377,0.45914125442504883,0.34310415387153625,0.1939600259065628,0.43748292326927185,0.2762994170188904,-0.5566227436065674,0.8448567390441895,0.4943229556083679,0.47610196471214294,0.09363485872745514,0.999913215637207,0.47124823927879333,0.4743914008140564,-0.09363386780023575,0.9999260902404785,0.4967613220214844,0.5777072310447693,0.004763500299304724,0.894599974155426,0.4433574080467224,0.590910792350769,-0.046087782829999924,0.978420615196228,0.513143002986908,0.6839341521263123,0.10240907967090607,0.9549057483673096,0.3699256479740143,0.6706475019454956,0.07579761743545532,0.9902628660202026,0.5036041736602783,0.703522264957428,0.10535621643066406,0.9186670780181885,0.35782092809677124,0.6777753829956055,0.08230793476104736,0.9541782736778259,0.5321792960166931,0.7049521207809448,-0.0029870234429836273,0.9629989266395569,0.36563873291015625,0.7068057060241699,-0.029400963336229324,0.9866527318954468
260,0.51197749376297,0.2729148268699646,-0.11864874511957169,0.9996699094772339,0.5090093612670898,0.2626901865005493,-0.09795889258384705,0.9994720220565796,0.508903980255127,0.26245272159576416,-0.0979698896408081,0.9992563128471375,0.5086443424224854,0.26232630014419556,-0.0979955792427063,0.9994416236877441,0.5045338869094849,0.2626374661922455,-0.13464784622192383,0.9996446371078491,0.5021690130233765,0.2607923746109009,-0.13483299314975739,0.999642550945282,0.4996618330478668,0.26051077246665955,-0.134857177734375,0.9997081756591797,0.49563390016555786,0.26599645614624023,0.01446499116718769,0.9989477396011353,0.4833714962005615,0.26696979999542236,-0.15378621220588684,0.9996214509010315,0.5075609683990479,0.2817668318748474,-0.07471517473459244,0.9992653131484985,0.5035449862480164,0.2805611491203308,-0.12296928465366364,0.9994055032730103,0.4954935610294342,0.3186027705669403,0.14129085838794708,0.9994680285453796,0.44964367151260376,0.31348729133605957,-0.2118423730134964,0.9997899532318115,0.4955838620662689,0.3850387930870056,0.2911532521247864,0.22370529174804688,0.39980825781822205,0.30730873346328735,-0.4410896897315979,0.9925199151039124,0.4964291453361511,0.4371963143348694,0.36349916458129883,0.21942296624183655,0.4288788437843323,0.2765311896800995,-0.49930793046951294,0.9454458355903625,0.4990910589694977,0.4527912139892578,0.3803119361400604,0.17759671807289124,0.43262118101119995,0.26801228523254395,-0.5374902486801147,0.8747835159301758,0.5008695125579834,0.4552549719810486,0.35485124588012695,0.17810755968093872,0.4363322854042053,0.27313411235809326,-0.503973126411438,0.8643476366996765,0.4990156292915344,0.4504454731941223,0.3524230420589447,0.18584391474723816,0.4378088414669037,0.27755045890808105,-0.4898924231529236,0.8449098467826843,0.49376481771469116,0.47593146562576294,0.09591521322727203,0.9999200701713562,0.47110599279403687,0.47356635332107544,-0.09589917957782745,0.9999315738677979,0.4995257258415222,0.5774309635162354,0.019377242773771286,0.8985063433647156,0.4389215409755707,0.5858681201934814,-0.07438114285469055,0.979126513004303,0.5165119767189026,0.683561384677887,0.09606660157442093,0.9571500420570374,0.3638598918914795,0.671398401260376,0.02929164096713066,0.9905316829681396,0.5082191824913025,0.7032619118690491,0.09738271683454514,0.9207000136375427,0.34742552042007446,0.6753819584846497,0.034468550235033035,0.9549487829208374,0.5452711582183838,0.7065842747688293,-0.006882841698825359,0.9649465084075928,0.3574146032333374,0.7093924283981323,-0.07388254255056381,0.9871662259101868
261,0.5126224160194397,0.2730066776275635,-0.10160555690526962,0.999691367149353,0.5093019604682922,0.26293450593948364,-0.08113983273506165,0.9995065331459045,0.5091809630393982,0.26268017292022705,-0.08112580329179764,0.9993047118186951,0.5088763236999512,0.26252883672714233,-0.08115847408771515,0.9994802474975586,0.5046846270561218,0.26153406500816345,-0.11620733886957169,0.9996684193611145,0.5025652050971985,0.26122087240219116,-0.11639048904180527,0.9996686577796936,0.5001564025878906,0.26092174649238586,-0.1164328008890152,0.9997293949127197,0.4954758584499359,0.2663407325744629,0.026463374495506287,0.9990315437316895,0.4829983711242676,0.26771080493927,-0.13507504761219025,0.9996523261070251,0.508121132850647,0.2820826768875122,-0.05989224463701248,0.9993318319320679,0.5044499039649963,0.28086555004119873,-0.1062016636133194,0.9994603991508484,0.49616947770118713,0.3227158188819885,0.13708704710006714,0.999509334564209,0.4492436945438385,0.31342560052871704,-0.1927744299173355,0.9998101592063904,0.4907394051551819,0.38416749238967896,0.2785671055316925,0.22012247145175934,0.3946343660354614,0.30456334352493286,-0.47263938188552856,0.9931479096412659,0.4862554669380188,0.44208472967147827,0.34708642959594727,0.21463584899902344,0.4278480112552643,0.2749505341053009,-0.59190434217453,0.9480874538421631,0.48778581619262695,0.46020928025245667,0.36033445596694946,0.17417189478874207,0.4279858469963074,0.2701214551925659,-0.6371698379516602,0.8784123063087463,0.4857718348503113,0.4631105065345764,0.33900076150894165,0.17518244683742523,0.43598467111587524,0.27163392305374146,-0.6045697927474976,0.8682523369789124,0.48437613248825073,0.457283079624176,0.3381294906139374,0.18351691961288452,0.4371470510959625,0.27612635493278503,-0.5842917561531067,0.8498273491859436,0.49290379881858826,0.48007720708847046,0.09169504791498184,0.9999250769615173,0.4724816679954529,0.4784928858280182,-0.0919317752122879,0.9999369978904724,0.4355223774909973,0.5855912566184998,0.06565479189157486,0.9029916524887085,0.5024070143699646,0.5886500477790833,-0.059455506503582,0.9800662994384766,0.36579495668411255,0.6727622151374817,0.1581784188747406,0.9589636921882629,0.5216209888458252,0.688366174697876,0.03977886587381363,0.9909029603004456,0.35653162002563477,0.6885974407196045,0.16264665126800537,0.9247006177902222,0.5147567987442017,0.7066852450370789,0.04541973024606705,0.9565516710281372,0.36175858974456787,0.7010118961334229,0.07760144025087357,0.966596245765686,0.5545122623443604,0.7089053392410278,-0.05387566611170769,0.9876425266265869
262,0.5099244117736816,0.2746051847934723,-0.1178712397813797,0.9997084736824036,0.5056926608085632,0.26462215185165405,-0.09729602932929993,0.999522864818573,0.5056893229484558,0.264337956905365,-0.09731891006231308,0.9993283152580261,0.5054426193237305,0.2641529142856598,-0.09735403954982758,0.9995014071464539,0.5024633407592773,0.26288455724716187,-0.1334524303674698,0.999683141708374,0.5002049803733826,0.26247185468673706,-0.13363312184810638,0.9996874332427979,0.4953586459159851,0.26226913928985596,-0.1336514800786972,0.9997429251670837,0.49431294202804565,0.2671883702278137,0.014320391230285168,0.9990953803062439,0.4820525050163269,0.2679498493671417,-0.15197308361530304,0.9996771812438965,0.5059120655059814,0.28305959701538086,-0.07452546060085297,0.9993886947631836,0.5019156336784363,0.281868040561676,-0.12226059287786484,0.999508798122406,0.48882636427879333,0.3190210461616516,0.13904711604118347,0.9995540380477905,0.44936221837997437,0.3138546347618103,-0.20569352805614471,0.999828577041626,0.4962240159511566,0.3851863741874695,0.29355624318122864,0.21494325995445251,0.3944205343723297,0.30829381942749023,-0.4379191994667053,0.9937256574630737,0.49645382165908813,0.4390798509120941,0.36590835452079773,0.2059684842824936,0.4291866421699524,0.27733510732650757,-0.49832862615585327,0.9497163891792297,0.49878591299057007,0.4554343819618225,0.3825022578239441,0.1669512689113617,0.44094085693359375,0.271638959646225,-0.5356408953666687,0.8784686326980591,0.49986571073532104,0.4580867886543274,0.3574846386909485,0.1681891679763794,0.4368066191673279,0.273846298456192,-0.5019723773002625,0.868028998374939,0.4981014132499695,0.4530029892921448,0.3552066683769226,0.17670777440071106,0.43808287382125854,0.27801263332366943,-0.48892393708229065,0.8490331172943115,0.493185430765152,0.4766332507133484,0.09306585043668747,0.9999304413795471,0.471459299325943,0.47447481751441956,-0.09308052062988281,0.9999411106109619,0.4961363673210144,0.577517032623291,0.012491719797253609,0.9058032035827637,0.448935329914093,0.5896695852279663,-0.05272752791643143,0.9805635809898376,0.48407649993896484,0.6802504062652588,0.10075871646404266,0.9602334499359131,0.375194251537323,0.6693052053451538,0.05862581729888916,0.9911386370658875,0.4731796383857727,0.6970198154449463,0.10341434180736542,0.9255134463310242,0.3646492660045624,0.6776928305625916,0.06498958170413971,0.9573863744735718,0.5080363750457764,0.7095810174942017,0.004180603194981813,0.9678930044174194,0.3737649619579315,0.7056869864463806,-0.03812899440526962,0.9880682826042175
263,0.5109511613845825,0.27396273612976074,-0.11916662752628326,0.9997175931930542,0.507366418838501,0.26381081342697144,-0.09932436794042587,0.9995231628417969,0.5072392821311951,0.26349279284477234,-0.09934341907501221,0.9993305206298828,0.5069639086723328,0.26328152418136597,-0.0993763878941536,0.999506950378418,0.5030187964439392,0.2639007270336151,-0.13484711945056915,0.9996873140335083,0.5007030963897705,0.26358792185783386,-0.13503018021583557,0.999697208404541,0.4982033371925354,0.26339462399482727,-0.135055810213089,0.9997485280036926,0.49449411034584045,0.26684898138046265,0.00944641325622797,0.9991381764411926,0.48223763704299927,0.2684394121170044,-0.15358397364616394,0.9996945858001709,0.5070321559906006,0.2825210988521576,-0.0766218975186348,0.9994336366653442,0.5030432343482971,0.28274261951446533,-0.12342150509357452,0.9995487332344055,0.49544697999954224,0.31840038299560547,0.13423298299312592,0.9995922446250916,0.4495216906070709,0.3146495223045349,-0.20633935928344727,0.9998448491096497,0.49653568863868713,0.3815954327583313,0.29160556197166443,0.20874880254268646,0.39905115962028503,0.3034515976905823,-0.4225456118583679,0.9942212104797363,0.4974789023399353,0.43272170424461365,0.3708292543888092,0.1963958740234375,0.4289082884788513,0.27768805623054504,-0.47247639298439026,0.950598418712616,0.49997344613075256,0.4480244219303131,0.3881165087223053,0.15901124477386475,0.43344610929489136,0.273196280002594,-0.5080323815345764,0.8772762417793274,0.5014563798904419,0.4510342478752136,0.3626234531402588,0.1604204624891281,0.43644747138023376,0.2743855118751526,-0.47690683603286743,0.8665514588356018,0.49957236647605896,0.4463125169277191,0.36007049679756165,0.169001504778862,0.43782490491867065,0.27848145365715027,-0.4637250304222107,0.8468580842018127,0.4933399558067322,0.47633346915245056,0.09140054136514664,0.9999343752861023,0.4713743329048157,0.47420185804367065,-0.09142717719078064,0.9999442100524902,0.4963875710964203,0.5777546167373657,0.02120860666036606,0.9069546461105347,0.44885438680648804,0.5874438285827637,-0.06149042397737503,0.980760395526886,0.48590773344039917,0.6796700954437256,0.1036311537027359,0.9608279466629028,0.3695521950721741,0.6712762117385864,0.04087626188993454,0.9911739826202393,0.4753989279270172,0.6962735652923584,0.10581354051828384,0.9252174496650696,0.3569956421852112,0.6779956221580505,0.04646531865000725,0.9575774669647217,0.5094547867774963,0.7087725400924683,0.008427313528954983,0.968605101108551,0.37362539768218994,0.7058901786804199,-0.055693965405225754,0.9882398247718811
264,0.501867949962616,0.26780110597610474,-0.09410301595926285,0.9997391104698181,0.5025442242622375,0.25783026218414307,-0.0706682875752449,0.9995574355125427,0.5034990906715393,0.2579498887062073,-0.07065816223621368,0.9993785619735718,0.5042008757591248,0.2582004964351654,-0.07064412534236908,0.9995422959327698,0.49512791633605957,0.2571251094341278,-0.09586308151483536,0.9997110962867737,0.49280697107315063,0.2567583918571472,-0.09600047022104263,0.9997214078903198,0.48590606451034546,0.25693875551223755,-0.0959974154829979,0.999768078327179,0.4959818720817566,0.2616961598396301,0.050392650067806244,0.9992102980613708,0.47459882497787476,0.26215651631355286,-0.06575842201709747,0.9997207522392273,0.5014920234680176,0.27737194299697876,-0.04804232344031334,0.999484121799469,0.4927118420600891,0.2764696478843689,-0.08133947849273682,0.9995909333229065,0.506274938583374,0.3146689236164093,0.14656007289886475,0.9996292591094971,0.44327297806739807,0.3053993582725525,-0.10135176032781601,0.9998599886894226,0.5098608732223511,0.379844605922699,0.246669203042984,0.2342246174812317,0.40569552779197693,0.3025028705596924,-0.33994632959365845,0.9946799278259277,0.5033389925956726,0.43990522623062134,0.2699783146381378,0.2218935638666153,0.42763370275497437,0.26986390352249146,-0.45580554008483887,0.9534896016120911,0.505581259727478,0.45752161741256714,0.2770567834377289,0.1783066689968109,0.43852823972702026,0.25396350026130676,-0.4967809319496155,0.8820634484291077,0.5021826028823853,0.4600887894630432,0.2551458775997162,0.17970730364322662,0.434293657541275,0.26127398014068604,-0.46926093101501465,0.8715075850486755,0.4994366765022278,0.4546385407447815,0.2615676820278168,0.18875029683113098,0.4353686273097992,0.26781851053237915,-0.4503880441188812,0.852665364742279,0.49691063165664673,0.4633888304233551,0.07502446323633194,0.9999394416809082,0.468140184879303,0.4651547372341156,-0.07518656551837921,0.9999487400054932,0.47854384779930115,0.5718109607696533,0.03811417520046234,0.9092729091644287,0.46665722131729126,0.5885034203529358,-0.1294018179178238,0.9814777970314026,0.44396090507507324,0.6803982853889465,0.12756092846393585,0.9609363079071045,0.44271188974380493,0.6801948547363281,-0.09108097106218338,0.9916789531707764,0.4302629828453064,0.6956233382225037,0.12959755957126617,0.9240031838417053,0.4346522390842438,0.6915518641471863,-0.09210677444934845,0.9588449001312256,0.462308406829834,0.7165706753730774,0.027068322524428368,0.9690184593200684,0.46033748984336853,0.7161632180213928,-0.22023427486419678,0.9889165759086609
265,0.49680957198143005,0.2626534104347229,-0.09861969947814941,0.9997586607933044,0.497310072183609,0.2529021203517914,-0.07633635401725769,0.9995911121368408,0.49945491552352905,0.25316381454467773,-0.0762941837310791,0.99942547082901,0.5016958713531494,0.2533978223800659,-0.07624386996030807,0.9995754957199097,0.4893403947353363,0.2515494227409363,-0.0987410768866539,0.9997342824935913,0.4860008656978607,0.2510087788105011,-0.09887387603521347,0.9997445940971375,0.4824236035346985,0.2504792809486389,-0.09888385236263275,0.9997870922088623,0.49589306116104126,0.258797287940979,0.0420822910964489,0.9992749094963074,0.4704822897911072,0.253316193819046,-0.06069744750857353,0.9997446537017822,0.4993625581264496,0.27181318402290344,-0.05303911119699478,0.9995290637016296,0.4892960488796234,0.2711623013019562,-0.08256993442773819,0.999629020690918,0.5026413202285767,0.30534645915031433,0.1381925493478775,0.9996496438980103,0.4399036765098572,0.30075719952583313,-0.08960581570863724,0.9998729228973389,0.5125882029533386,0.3664141297340393,0.2322015017271042,0.2590797543525696,0.3999849855899811,0.3092845678329468,-0.33409395813941956,0.9949629902839661,0.5001991987228394,0.38077738881111145,0.26775941252708435,0.24942685663700104,0.4309367537498474,0.2749602198600769,-0.4867452085018158,0.9546382427215576,0.49989596009254456,0.38845568895339966,0.2734643518924713,0.20009417831897736,0.44050464034080505,0.26117759943008423,-0.5264954566955566,0.8838390707969666,0.4960738718509674,0.39033910632133484,0.2597755193710327,0.20111067593097687,0.4375056326389313,0.26673436164855957,-0.5070266127586365,0.8734889626502991,0.4942561089992523,0.38857415318489075,0.2633495330810547,0.20991119742393494,0.4384060800075531,0.27208203077316284,-0.4837661385536194,0.8554450273513794,0.4955829977989197,0.4604603350162506,0.07322252541780472,0.999941349029541,0.46815744042396545,0.45937442779541016,-0.07345662266016006,0.9999520778656006,0.447978675365448,0.5735607743263245,0.05383021757006645,0.9068911075592041,0.4901934564113617,0.5792872905731201,-0.17176553606987,0.981672465801239,0.3715757131576538,0.6649554967880249,0.14590893685817719,0.9588479399681091,0.5113211870193481,0.6876089572906494,-0.1696033775806427,0.9920104742050171,0.36218178272247314,0.6832630634307861,0.14915288984775543,0.9231252074241638,0.5011063814163208,0.7068793773651123,-0.17335145175457,0.9597418904304504,0.3653900623321533,0.709712564945221,0.060465820133686066,0.9679198265075684,0.5280424952507019,0.7249917387962341,-0.30274471640586853,0.989357054233551
266,0.5059975981712341,0.26655256748199463,-0.038917187601327896,0.9997681379318237,0.5063408017158508,0.25630974769592285,-0.01689772494137287,0.9996081590652466,0.5070972442626953,0.2565848231315613,-0.01685565896332264,0.9994494915008545,0.5076608657836914,0.25705277919769287,-0.016834329813718796,0.9995948076248169,0.5021818280220032,0.2527714967727661,-0.044560786336660385,0.9997466206550598,0.4976955056190491,0.2526901066303253,-0.04472402483224869,0.9997581839561462,0.49530306458473206,0.2525683045387268,-0.04472610726952553,0.9997986555099487,0.5009020566940308,0.2609226405620575,0.09500512480735779,0.9993178248405457,0.4823482632637024,0.2579795718193054,-0.03310219198465347,0.9997597336769104,0.5046897530555725,0.2742369771003723,0.004319231957197189,0.9995611906051636,0.4966732859611511,0.27306675910949707,-0.032441552728414536,0.9996585845947266,0.5029699206352234,0.3080258369445801,0.1865515112876892,0.9996705651283264,0.4438822865486145,0.2984831929206848,-0.07303722202777863,0.9998847246170044,0.5036398768424988,0.3768869936466217,0.3162287175655365,0.2640376687049866,0.3942496180534363,0.30358588695526123,-0.29752132296562195,0.9951863288879395,0.5008076429367065,0.42970389127731323,0.35998719930648804,0.2568207383155823,0.42937248945236206,0.2764853239059448,-0.41309189796447754,0.9543800354003906,0.503869891166687,0.44658908247947693,0.37125152349472046,0.20807479321956635,0.4341253340244293,0.2684892416000366,-0.4492015838623047,0.882702112197876,0.5002401471138,0.4484144151210785,0.34791299700737,0.20948132872581482,0.4357973039150238,0.2731221914291382,-0.42692098021507263,0.8725777268409729,0.4973219335079193,0.442874014377594,0.3517302870750427,0.21887066960334778,0.4367174506187439,0.27347588539123535,-0.4083462655544281,0.8556563854217529,0.4979843497276306,0.46072664856910706,0.08069638162851334,0.9999415278434753,0.46828579902648926,0.45784035325050354,-0.08099083602428436,0.9999546408653259,0.4464183747768402,0.5745367407798767,0.05540893226861954,0.9000644087791443,0.48934516310691833,0.579569399356842,-0.15802347660064697,0.9811848402023315,0.36856234073638916,0.6680142283439636,0.11990191042423248,0.9546089172363281,0.5138916373252869,0.6849135756492615,-0.16429415345191956,0.9920377135276794,0.3620455265045166,0.6875391602516174,0.1210675984621048,0.9208423495292664,0.5047136545181274,0.7050459384918213,-0.16850221157073975,0.9598318934440613,0.36519375443458557,0.7103656530380249,0.03975050151348114,0.9660189151763916,0.5408951044082642,0.709186851978302,-0.28688880801200867,0.989477813243866
267,0.5094616413116455,0.2592940330505371,-0.06084021180868149,0.9997645616531372,0.5075152516365051,0.25031375885009766,-0.03879355639219284,0.9995969533920288,0.508538544178009,0.25077182054519653,-0.0387624092400074,0.9994370341300964,0.5096723437309265,0.25120097398757935,-0.03876484930515289,0.9995869398117065,0.5016666054725647,0.2485109269618988,-0.06905621290206909,0.9997454285621643,0.49867480993270874,0.2478380650281906,-0.06921454519033432,0.9997618198394775,0.49543333053588867,0.2471681386232376,-0.06923447549343109,0.999800980091095,0.49844902753829956,0.2547552287578583,0.07317572087049484,0.9993290901184082,0.4818549156188965,0.25608378648757935,-0.06566394865512848,0.9997681379318237,0.5064117312431335,0.26914888620376587,-0.017583739012479782,0.9995795488357544,0.4996805787086487,0.26866400241851807,-0.057624079287052155,0.9996789693832397,0.5019223093986511,0.30586040019989014,0.1775633543729782,0.9996762275695801,0.44627857208251953,0.2966122627258301,-0.11521437019109726,0.9998942613601685,0.5051195621490479,0.3698158860206604,0.30599555373191833,0.2574005722999573,0.40135517716407776,0.29932689666748047,-0.33638066053390503,0.9953486919403076,0.493471622467041,0.4015725255012512,0.35630643367767334,0.25136110186576843,0.43444567918777466,0.27584147453308105,-0.4428938925266266,0.9529675245285034,0.4926130771636963,0.41375574469566345,0.3669314384460449,0.20462357997894287,0.4392824172973633,0.2688831388950348,-0.4827330708503723,0.8799051642417908,0.4909725785255432,0.41541633009910583,0.34486696124076843,0.20616519451141357,0.43854910135269165,0.2735753059387207,-0.4593017101287842,0.8699355721473694,0.4900352954864502,0.4114418029785156,0.3473975956439972,0.21606853604316711,0.4395175576210022,0.27325740456581116,-0.4379124045372009,0.8538510203361511,0.495187371969223,0.4606984257698059,0.08685972541570663,0.9999405145645142,0.4702092111110687,0.45916756987571716,-0.08706260472536087,0.9999549388885498,0.4679892063140869,0.5731832385063171,0.03937969729304314,0.8932052850723267,0.4719933867454529,0.589272141456604,-0.09233276546001434,0.9801452159881592,0.38692957162857056,0.6622955203056335,0.1060524433851242,0.9508309364318848,0.4541941285133362,0.6835698485374451,-0.05893225222826004,0.9920684099197388,0.4022403359413147,0.6930807828903198,0.10654298216104507,0.9169161319732666,0.44482603669166565,0.6950730085372925,-0.059122633188962936,0.9603030681610107,0.4338773190975189,0.7134743928909302,0.015232163481414318,0.9637571573257446,0.47664180397987366,0.7211533784866333,-0.1709364652633667,0.9894902110099792
268,0.5058766603469849,0.2688239812850952,-0.045107558369636536,0.9997723698616028,0.5059322118759155,0.25954923033714294,-0.024597205221652985,0.9996050596237183,0.5065192580223083,0.2596302628517151,-0.024553220719099045,0.9994479417800903,0.5069384574890137,0.2598370909690857,-0.024536482989788055,0.9995951056480408,0.5023145079612732,0.2588139474391937,-0.05468673259019852,0.9997528791427612,0.49868935346603394,0.25856828689575195,-0.05484800785779953,0.9997706413269043,0.49643999338150024,0.25829556584358215,-0.05485006049275398,0.9998072981834412,0.4978024363517761,0.26261138916015625,0.08406855911016464,0.999354898929596,0.4841684401035309,0.26206034421920776,-0.053953833878040314,0.9997774958610535,0.503789484500885,0.2789011299610138,-0.002197378547862172,0.9995964765548706,0.49711719155311584,0.2779187858104706,-0.041948460042476654,0.9996972680091858,0.5023746490478516,0.30793896317481995,0.18560175597667694,0.9996955990791321,0.4437815546989441,0.2975914478302002,-0.10802674293518066,0.9999038577079773,0.49593010544776917,0.3728305697441101,0.29799124598503113,0.25117039680480957,0.3996521234512329,0.30454641580581665,-0.3241277039051056,0.9955052733421326,0.4901340901851654,0.420370876789093,0.33582693338394165,0.2501313090324402,0.42934101819992065,0.27725130319595337,-0.4293498992919922,0.9538148641586304,0.4912942945957184,0.43629640340805054,0.3472263813018799,0.20480431616306305,0.43466275930404663,0.27400845289230347,-0.46868425607681274,0.8822684288024902,0.4898732304573059,0.43769511580467224,0.3236207962036133,0.20632235705852509,0.4359455704689026,0.2736195921897888,-0.4416920244693756,0.8724711537361145,0.4882076382637024,0.43258136510849,0.3264353275299072,0.2160883992910385,0.4374099671840668,0.27872586250305176,-0.42253485321998596,0.85628342628479,0.49551263451576233,0.46184930205345154,0.09029551595449448,0.9999427795410156,0.46935421228408813,0.4600674510002136,-0.09047839045524597,0.9999571442604065,0.4931393563747406,0.5760612487792969,0.04510686919093132,0.8909170031547546,0.451099693775177,0.5804684162139893,-0.1336507648229599,0.9799697995185852,0.4703346788883209,0.6832361817359924,0.09026256203651428,0.9506505727767944,0.3800275921821594,0.6648572087287903,-0.11847230046987534,0.9922232031822205,0.45617061853408813,0.6989606022834778,0.08828198164701462,0.9159665107727051,0.3925160765647888,0.6868885159492493,-0.12135157734155655,0.9606946706771851,0.49900659918785095,0.7209377288818359,-0.008490452542901039,0.9638376235961914,0.4189538359642029,0.7152020931243896,-0.2387325018644333,0.9897620677947998
269,0.509228527545929,0.2661253809928894,-0.05619964748620987,0.9997793436050415,0.5073161721229553,0.2571091055870056,-0.03616128861904144,0.999612033367157,0.5077319145202637,0.2573043406009674,-0.03611629083752632,0.9994562864303589,0.5093443989753723,0.25753945112228394,-0.03609239682555199,0.999599814414978,0.5040547847747803,0.25645822286605835,-0.06839238852262497,0.9997604489326477,0.502208411693573,0.25621119141578674,-0.06855865567922592,0.9997798204421997,0.4980909824371338,0.2563709616661072,-0.06856545060873032,0.9998138546943665,0.49789029359817505,0.26128441095352173,0.0724702775478363,0.9993783235549927,0.48527345061302185,0.2609612047672272,-0.07512908428907394,0.9997878670692444,0.5048419833183289,0.2773107886314392,-0.013059983029961586,0.9996181130409241,0.500290036201477,0.2761509120464325,-0.05560561269521713,0.9997172355651855,0.5002899169921875,0.30777496099472046,0.18709895014762878,0.9997164011001587,0.4445231854915619,0.29823994636535645,-0.13227620720863342,0.9999127984046936,0.5022328495979309,0.36790335178375244,0.32581543922424316,0.24319730699062347,0.4001278281211853,0.3069944381713867,-0.3608715534210205,0.9957432150840759,0.5015732645988464,0.41625386476516724,0.38134822249412537,0.24664466083049774,0.42903932929039,0.2764431834220886,-0.4804456830024719,0.9557887315750122,0.5048223733901978,0.4311937689781189,0.39738208055496216,0.2027563899755478,0.42746782302856445,0.27375590801239014,-0.5209193229675293,0.8870773315429688,0.5043268203735352,0.4328407645225525,0.3707307279109955,0.20445404946804047,0.4354405403137207,0.2733194828033447,-0.4948357939720154,0.8776155710220337,0.501930832862854,0.42806491255760193,0.3710166811943054,0.2142326533794403,0.43698567152023315,0.2781890034675598,-0.47382792830467224,0.8612861633300781,0.4962294101715088,0.4619445204734802,0.09393732249736786,0.9999457001686096,0.4692252278327942,0.4602155089378357,-0.09409279376268387,0.9999595284461975,0.49268919229507446,0.5709955096244812,0.02828739956021309,0.8912684917449951,0.44831356406211853,0.581466794013977,-0.11872579157352448,0.9800010919570923,0.4692297577857971,0.6827028393745422,0.07779134064912796,0.9514073133468628,0.3793973922729492,0.6654083132743835,-0.09510389715433121,0.9924474358558655,0.45553261041641235,0.699187159538269,0.07602576911449432,0.9166093468666077,0.3609623312950134,0.678019106388092,-0.09744609147310257,0.9615104794502258,0.4972829818725586,0.7181016206741333,-0.02338920347392559,0.964523196220398,0.415156751871109,0.711180567741394,-0.2158929407596588,0.9900974631309509
270,0.5080644488334656,0.26491913199424744,-0.06243479251861572,0.9997910261154175,0.5072672367095947,0.25560712814331055,-0.04109545424580574,0.9996278285980225,0.5086987018585205,0.25601884722709656,-0.041067127138376236,0.9994781017303467,0.5102311372756958,0.25639671087265015,-0.04103948175907135,0.9996150732040405,0.5006160736083984,0.25375425815582275,-0.06754257529973984,0.9997720122337341,0.4968815743923187,0.2521173357963562,-0.06770022958517075,0.9997918605804443,0.49444064497947693,0.25187796354293823,-0.06768998503684998,0.999823272228241,0.499889999628067,0.25732994079589844,0.07276518642902374,0.9994143843650818,0.48169857263565063,0.25668567419052124,-0.0491490364074707,0.9998005032539368,0.5035618543624878,0.273554265499115,-0.017962884157896042,0.9996435046195984,0.49523812532424927,0.27223363518714905,-0.05296692997217178,0.9997395277023315,0.501908004283905,0.30364084243774414,0.17404581606388092,0.9997391104698181,0.4409492611885071,0.2929219603538513,-0.0857660248875618,0.9999210834503174,0.5045568943023682,0.3715705871582031,0.2834479808807373,0.2515920102596283,0.39336031675338745,0.3078655004501343,-0.3012804388999939,0.9959766268730164,0.49795493483543396,0.4277624487876892,0.30878666043281555,0.2567504942417145,0.42904454469680786,0.2725856304168701,-0.42099934816360474,0.9574441909790039,0.49964088201522827,0.4449458718299866,0.3180132806301117,0.21032458543777466,0.4328491687774658,0.26860371232032776,-0.4592532217502594,0.8901574611663818,0.49682384729385376,0.4462495744228363,0.29521557688713074,0.21176296472549438,0.43483036756515503,0.2692739963531494,-0.43412500619888306,0.8807678818702698,0.4945661425590515,0.44084930419921875,0.30042579770088196,0.22102691233158112,0.43601077795028687,0.2743452191352844,-0.4148939549922943,0.8643319010734558,0.49977073073387146,0.45557576417922974,0.07970649003982544,0.9999487400054932,0.4680542051792145,0.4570072293281555,-0.0798642560839653,0.9999622106552124,0.48659414052963257,0.5686835050582886,0.025957545265555382,0.8901984095573425,0.4523690640926361,0.5774447917938232,-0.16754619777202606,0.9801746010780334,0.4605110287666321,0.6799156665802002,0.08417113125324249,0.9508816599845886,0.38160043954849243,0.663439929485321,-0.16665063798427582,0.9926649928092957,0.44660598039627075,0.6953404545783997,0.08318537473678589,0.9153334498405457,0.40050333738327026,0.6883420348167419,-0.1711897999048233,0.9622340202331543,0.4849565923213959,0.7180732488632202,-0.017470423132181168,0.9644496440887451,0.42604827880859375,0.7151530981063843,-0.3000796139240265,0.9904546141624451
271,0.5076741576194763,0.26552197337150574,-0.010165308602154255,0.9997854828834534,0.5071977376937866,0.25545740127563477,0.012842671945691109,0.9996240139007568,0.5077020525932312,0.2557201385498047,0.012873967178165913,0.999473512172699,0.5080679655075073,0.25605279207229614,0.012882998213171959,0.9996157288551331,0.50386643409729,0.2544507384300232,-0.017718244343996048,0.9997698664665222,0.4996808171272278,0.25437191128730774,-0.017879365012049675,0.9997909665107727,0.49756455421447754,0.25416362285614014,-0.017892245203256607,0.999823808670044,0.4986475110054016,0.25955405831336975,0.12560266256332397,0.999416172504425,0.48046454787254333,0.25987762212753296,-0.015112762339413166,0.9998021721839905,0.5055686235427856,0.27671098709106445,0.033908285200595856,0.9996474981307983,0.49832552671432495,0.2756301164627075,-0.006522609386593103,0.9997495412826538,0.5010026693344116,0.3046661615371704,0.20142395794391632,0.9997449517250061,0.4443606436252594,0.29456138610839844,-0.07114953547716141,0.9999274611473083,0.4790916442871094,0.3748359978199005,0.2641029953956604,0.25460949540138245,0.40564021468162537,0.30187562108039856,-0.2956753373146057,0.9959300756454468,0.4501410126686096,0.4349442422389984,0.2540907561779022,0.26369383931159973,0.4329976439476013,0.27886244654655457,-0.3760796785354614,0.9556999206542969,0.44661611318588257,0.4555055499076843,0.2542687952518463,0.21790951490402222,0.4450224041938782,0.27496209740638733,-0.4145835041999817,0.8862647414207458,0.4414460062980652,0.457815557718277,0.2385866343975067,0.21927684545516968,0.4387018084526062,0.27725279331207275,-0.38708510994911194,0.8768212795257568,0.44103294610977173,0.4505845606327057,0.24666127562522888,0.2290225476026535,0.43936389684677124,0.27726617455482483,-0.36869215965270996,0.861534595489502,0.49406376481056213,0.4598384499549866,0.0875495970249176,0.9999480247497559,0.4701591432094574,0.4612812101840973,-0.08781646937131882,0.9999633431434631,0.4483848214149475,0.5774913430213928,0.0698738768696785,0.8856694102287292,0.4912795424461365,0.5831452012062073,-0.15163584053516388,0.9800456762313843,0.37072494626045227,0.6670968532562256,0.13426849246025085,0.9470750093460083,0.5153877139091492,0.6842528581619263,-0.14569559693336487,0.992568850517273,0.3639698624610901,0.6886175274848938,0.13573288917541504,0.9115846753120422,0.48388606309890747,0.7079616785049438,-0.14904248714447021,0.9606597423553467,0.3712860941886902,0.7105433940887451,0.05703030154109001,0.9624757170677185,0.5427547693252563,0.7089694738388062,-0.2664533853530884,0.9903326630592346
272,0.510228157043457,0.2650303840637207,-0.06474321335554123,0.99980229139328,0.5092846155166626,0.25570815801620483,-0.04454642906785011,0.9996527433395386,0.5095465183258057,0.2558140754699707,-0.04448859766125679,0.9995124340057373,0.5098072290420532,0.2560562193393707,-0.044429950416088104,0.9996431469917297,0.5050604343414307,0.255585253238678,-0.07865045219659805,0.9997890591621399,0.503410279750824,0.25543922185897827,-0.07883711904287338,0.999808669090271,0.5017237067222595,0.2553892731666565,-0.07885725796222687,0.9998384714126587,0.5001059174537659,0.2598210573196411,0.06193657964468002,0.9994621872901917,0.4860610067844391,0.2602616548538208,-0.09390997141599655,0.9998194575309753,0.5054847002029419,0.27661964297294617,-0.022679951041936874,0.999675989151001,0.5015449523925781,0.27583885192871094,-0.0677100196480751,0.9997712969779968,0.4994531273841858,0.3062301278114319,0.175149604678154,0.9997636675834656,0.4437963366508484,0.2977352738380432,-0.1621001660823822,0.9999343156814575,0.4975097179412842,0.34428131580352783,0.3337979018688202,0.24350953102111816,0.40033984184265137,0.3041641116142273,-0.39877066016197205,0.9961671829223633,0.4948135316371918,0.35571807622909546,0.45540398359298706,0.25424280762672424,0.42941147089004517,0.27536794543266296,-0.5111997127532959,0.9575376510620117,0.49585217237472534,0.3603617548942566,0.47801217436790466,0.20961888134479523,0.4327329695224762,0.2669627070426941,-0.5508004426956177,0.8906862139701843,0.4973565936088562,0.3626433312892914,0.4586133062839508,0.2108583152294159,0.43535810708999634,0.2724629342556,-0.5243010520935059,0.8815931677818298,0.49628743529319763,0.3614353835582733,0.44847211241722107,0.2209058552980423,0.4365643858909607,0.272845059633255,-0.504356861114502,0.866074800491333,0.4957663416862488,0.46278804540634155,0.09892014414072037,0.9999517798423767,0.4694308340549469,0.46092161536216736,-0.09902776777744293,0.9999659061431885,0.4970617890357971,0.5730725526809692,0.037073977291584015,0.8873533010482788,0.4450715184211731,0.5794140696525574,-0.11813171952962875,0.979945957660675,0.5129517912864685,0.6861855983734131,0.07398401945829391,0.9493896961212158,0.3677208423614502,0.668623149394989,-0.08559776097536087,0.9927072525024414,0.5027472972869873,0.7032878398895264,0.0709134116768837,0.9146326184272766,0.35049739480018616,0.6750611662864685,-0.08628293126821518,0.9615198373794556,0.5386688113212585,0.7086762189865112,-0.031939517706632614,0.964026153087616,0.3651244640350342,0.7103416919708252,-0.1989629715681076,0.9906260967254639
273,0.5015348196029663,0.268266886472702,-0.0686558336019516,0.9998113512992859,0.5020002126693726,0.25915107131004333,-0.04737595096230507,0.9996659755706787,0.5029154419898987,0.2591792941093445,-0.047336772084236145,0.9995314478874207,0.5036725997924805,0.2593536972999573,-0.047313887625932693,0.999657154083252,0.4960094392299652,0.25869235396385193,-0.07584389299154282,0.9997982978820801,0.49377650022506714,0.2583077847957611,-0.0759977251291275,0.9998182058334351,0.49136415123939514,0.2580581307411194,-0.07599148899316788,0.9998456239700317,0.4956236481666565,0.26220375299453735,0.06616391241550446,0.999491274356842,0.47637566924095154,0.2625844478607178,-0.06423459947109222,0.9998289346694946,0.5004041194915771,0.27828913927078247,-0.024020187556743622,0.9996936917304993,0.49304690957069397,0.27702081203460693,-0.061547864228487015,0.9997864365577698,0.5021060705184937,0.30764317512512207,0.1732736974954605,0.9997797012329102,0.4429371953010559,0.2993794083595276,-0.11083579063415527,0.9999401569366455,0.5032104253768921,0.3690697252750397,0.2985149025917053,0.24360929429531097,0.39939790964126587,0.3003891110420227,-0.3125922977924347,0.9963063597679138,0.4946945607662201,0.41292351484298706,0.3488389551639557,0.2527577877044678,0.42918482422828674,0.273316890001297,-0.4018715023994446,0.957277774810791,0.49565592408180237,0.42641228437423706,0.3596719205379486,0.20838965475559235,0.43272095918655396,0.2651826739311218,-0.4390174448490143,0.889786958694458,0.49429231882095337,0.42848294973373413,0.3358036279678345,0.2098301202058792,0.43498602509498596,0.26610898971557617,-0.4158058762550354,0.8807120323181152,0.492384135723114,0.4242800176143646,0.33958253264427185,0.21995776891708374,0.4362699091434479,0.27113741636276245,-0.39643797278404236,0.8651783466339111,0.499431848526001,0.4626033902168274,0.0840160995721817,0.9999539852142334,0.4685310423374176,0.46081075072288513,-0.08414055407047272,0.9999673366546631,0.4920946955680847,0.5728083252906799,0.013591883704066277,0.8856955766677856,0.4557432234287262,0.5797103047370911,-0.1327100545167923,0.9792916178703308,0.47053003311157227,0.6852487325668335,0.056495677679777145,0.9494434595108032,0.3795742988586426,0.665763258934021,-0.11554805934429169,0.9926003217697144,0.4569395184516907,0.7007043361663818,0.054407648742198944,0.9142359495162964,0.3706151247024536,0.6756199598312378,-0.11791710555553436,0.9613711833953857,0.49558645486831665,0.72346431016922,-0.04800497740507126,0.9641399383544922,0.4236060082912445,0.7132030725479126,-0.23674580454826355,0.9906378388404846
274,0.5073038339614868,0.26620033383369446,-0.045865897089242935,0.9998134970664978,0.5070851445198059,0.25656622648239136,-0.02482195384800434,0.9996657967567444,0.5076504945755005,0.2566985785961151,-0.02478431910276413,0.9995307326316833,0.5080428719520569,0.2570258378982544,-0.02477251924574375,0.9996572732925415,0.5016661286354065,0.25604239106178284,-0.05484785512089729,0.9997996091842651,0.499685674905777,0.2536526322364807,-0.05500871688127518,0.9998205304145813,0.4974215030670166,0.2534906268119812,-0.05501586198806763,0.9998470544815063,0.4988230764865875,0.2606164813041687,0.08508651703596115,0.9994988441467285,0.4808769226074219,0.2585499882698059,-0.05273269861936569,0.9998320937156677,0.5052958130836487,0.2763679325580597,-0.0026595371309667826,0.9997000694274902,0.4984470307826996,0.27272477746009827,-0.042367711663246155,0.9997944235801697,0.5025579929351807,0.3060868978500366,0.18278321623802185,0.9997883439064026,0.44560274481773376,0.29711633920669556,-0.10412348806858063,0.9999449849128723,0.4973598122596741,0.37097451090812683,0.2917447090148926,0.24009405076503754,0.40000611543655396,0.3023746609687805,-0.31869447231292725,0.9963637590408325,0.48720115423202515,0.4194534718990326,0.3252657651901245,0.2513163983821869,0.43036413192749023,0.2774907350540161,-0.4146055579185486,0.9572129249572754,0.4872218668460846,0.4359275698661804,0.33473944664001465,0.2078811377286911,0.4415246546268463,0.2719804644584656,-0.45318275690078735,0.8897650837898254,0.48525339365005493,0.4373573660850525,0.31246718764305115,0.20930472016334534,0.43682271242141724,0.27445149421691895,-0.4262318015098572,0.8806578516960144,0.48404017090797424,0.4320301115512848,0.3161865472793579,0.21947701275348663,0.43825656175613403,0.2792094945907593,-0.40775537490844727,0.8650783896446228,0.49579063057899475,0.4600217342376709,0.08678735792636871,0.9999549388885498,0.4704288840293884,0.45836514234542847,-0.08695642650127411,0.9999681711196899,0.49165859818458557,0.573480486869812,0.036449577659368515,0.8845588564872742,0.453826367855072,0.5797834992408752,-0.12052886188030243,0.979041337966919,0.46881064772605896,0.6820251941680908,0.07998624444007874,0.9491865634918213,0.41359472274780273,0.6757099032402039,-0.1025535836815834,0.9926170110702515,0.4552239775657654,0.6984626054763794,0.0778743252158165,0.912769079208374,0.4030056893825531,0.6878176927566528,-0.10522153228521347,0.9611495137214661,0.49574509263038635,0.7183489799499512,-0.020608210936188698,0.9639851450920105,0.4291428029537201,0.7133113145828247,-0.2229069173336029,0.9906754493713379
275,0.5099467635154724,0.2668638825416565,-0.04325476661324501,0.9998123645782471,0.507810115814209,0.25785860419273376,-0.02200770191848278,0.9996622800827026,0.509588897228241,0.2579120993614197,-0.021962909027934074,0.9995258450508118,0.5099979639053345,0.25824210047721863,-0.021945087239146233,0.9996548891067505,0.5044328570365906,0.25706911087036133,-0.05317730829119682,0.9998003244400024,0.502543032169342,0.256746768951416,-0.05333960801362991,0.9998229742050171,0.4982590079307556,0.25681042671203613,-0.05334842950105667,0.999849259853363,0.5009214878082275,0.26146429777145386,0.08859699219465256,0.999505341053009,0.48497122526168823,0.2611886262893677,-0.054973624646663666,0.9998370409011841,0.5058476328849792,0.27819734811782837,0.00011273233394604176,0.9997102618217468,0.4991064965724945,0.27731406688690186,-0.041256360709667206,0.9998052716255188,0.5004497170448303,0.30710136890411377,0.189010351896286,0.9997954368591309,0.4442589282989502,0.29770737886428833,-0.10450668632984161,0.9999496936798096,0.4925180971622467,0.36956068873405457,0.3230556547641754,0.23587988317012787,0.39741581678390503,0.3049662709236145,-0.3312620222568512,0.9964669346809387,0.48366230726242065,0.4144768714904785,0.3845449984073639,0.24829481542110443,0.4305671155452728,0.2757243812084198,-0.4354301393032074,0.9571111798286438,0.4839070439338684,0.4293479025363922,0.399035781621933,0.2058669626712799,0.435002863407135,0.27286118268966675,-0.4725530743598938,0.8891629576683044,0.4823703169822693,0.43178677558898926,0.3770204484462738,0.2073320746421814,0.4363357126712799,0.2728270888328552,-0.44538459181785583,0.8800045251846313,0.48079580068588257,0.42690524458885193,0.37664875388145447,0.21770496666431427,0.4377698302268982,0.2776697278022766,-0.4283215403556824,0.8644853234291077,0.49585089087486267,0.46262603998184204,0.08882822841405869,0.9999544620513916,0.4696689546108246,0.46362581849098206,-0.08908236026763916,0.9999687075614929,0.46759623289108276,0.573861837387085,0.05060037225484848,0.881415069103241,0.4699172377586365,0.5883393287658691,-0.11882351338863373,0.9790597558021545,0.4201261103153229,0.6782170534133911,0.11529364436864853,0.947323739528656,0.4529199004173279,0.6836041212081909,-0.10037393867969513,0.992806077003479,0.40412887930870056,0.6941275000572205,0.1156674399971962,0.9110246896743774,0.44328269362449646,0.695188045501709,-0.10206101834774017,0.9620072841644287,0.4406422972679138,0.713712215423584,0.02753284201025963,0.9631342887878418,0.478576123714447,0.7217059135437012,-0.21775726974010468,0.9908710718154907
276,0.5055062174797058,0.26655328273773193,-0.04765938222408295,0.9998101592063904,0.5068122744560242,0.25699037313461304,-0.026276934891939163,0.9996576905250549,0.5075294375419617,0.2568935751914978,-0.026244113221764565,0.9995204210281372,0.5107961297035217,0.2566428780555725,-0.026215994730591774,0.9996476173400879,0.5027467608451843,0.25626492500305176,-0.05200473219156265,0.9997996091842651,0.49690333008766174,0.2557106614112854,-0.052165985107421875,0.9998238682746887,0.4945968985557556,0.25509387254714966,-0.05217881128191948,0.9998497366905212,0.5010949373245239,0.2614209055900574,0.08550842851400375,0.9995080828666687,0.48180609941482544,0.25821930170059204,-0.0332937017083168,0.9998407363891602,0.5044550895690918,0.2770386338233948,-0.003998329862952232,0.9997167587280273,0.49536651372909546,0.2759052515029907,-0.038182225078344345,0.9998149871826172,0.5007253289222717,0.30287301540374756,0.1734977811574936,0.9998028874397278,0.44133448600769043,0.29892629384994507,-0.06859675794839859,0.9999540448188782,0.49523472785949707,0.3668460249900818,0.24789313971996307,0.24218781292438507,0.3985477089881897,0.31290173530578613,-0.28588396310806274,0.996509313583374,0.47531431913375854,0.4024852216243744,0.253681480884552,0.25640279054641724,0.4297715723514557,0.2767823338508606,-0.41183844208717346,0.9578737616539001,0.47287091612815857,0.4150267243385315,0.25722411274909973,0.2117910236120224,0.4280168414115906,0.26828157901763916,-0.45165005326271057,0.890916109085083,0.4703938961029053,0.4168466627597809,0.241288423538208,0.2127237617969513,0.4356022775173187,0.26839399337768555,-0.4267035126686096,0.8818728923797607,0.4696258008480072,0.41284483671188354,0.24725337326526642,0.2227133959531784,0.43635550141334534,0.26948702335357666,-0.40591615438461304,0.8666843771934509,0.4983982443809509,0.4546932578086853,0.07651611417531967,0.9999548196792603,0.46814531087875366,0.4562559723854065,-0.0767134577035904,0.9999698400497437,0.4798533320426941,0.5682008862495422,0.05021531507372856,0.8791996240615845,0.465719074010849,0.5813384056091309,-0.1543297916650772,0.9791368246078491,0.4325494170188904,0.673924446105957,0.12152869999408722,0.9446510672569275,0.4462816119194031,0.6794905066490173,-0.14743781089782715,0.9930166006088257,0.4180184304714203,0.6882166862487793,0.12210015207529068,0.9076278209686279,0.4374403953552246,0.690923810005188,-0.1508404016494751,0.9628233909606934,0.45154833793640137,0.7125084400177002,0.02846481278538704,0.9617657661437988,0.46712929010391235,0.7184686660766602,-0.27605685591697693,0.9911392331123352
277,0.5099507570266724,0.26898157596588135,-0.017870213836431503,0.9998165369033813,0.5100110173225403,0.258949339389801,0.003710763994604349,0.9996734261512756,0.5104113817214966,0.25900769233703613,0.0037441630847752094,0.999542772769928,0.5122486352920532,0.2588740587234497,0.0037633278407156467,0.9996644258499146,0.5067836046218872,0.2580505609512329,-0.027566727250814438,0.9998077154159546,0.5049028992652893,0.2575271427631378,-0.027709897607564926,0.9998311400413513,0.5002192854881287,0.2572552561759949,-0.027713332325220108,0.9998559951782227,0.502250611782074,0.26090362668037415,0.11162708699703217,0.999532163143158,0.4866529405117035,0.26057446002960205,-0.032110195606946945,0.9998478293418884,0.5078345537185669,0.2793446183204651,0.02486596070230007,0.999731719493866,0.5009089112281799,0.2785146236419678,-0.01642097532749176,0.9998264908790588,0.499849796295166,0.3039059042930603,0.19114235043525696,0.9998100399971008,0.44453978538513184,0.29596489667892456,-0.09303036332130432,0.999957799911499,0.47914594411849976,0.37168818712234497,0.2628011405467987,0.24774810671806335,0.40519148111343384,0.3037492036819458,-0.3341219127178192,0.996555507183075,0.44821834564208984,0.427835077047348,0.27508029341697693,0.2656291425228119,0.43319615721702576,0.2789871096611023,-0.43193015456199646,0.9582284688949585,0.4440937042236328,0.4469767212867737,0.27979016304016113,0.22029553353786469,0.43759846687316895,0.27111101150512695,-0.4727634787559509,0.8915328979492188,0.4386902451515198,0.4489379823207855,0.2661040425300598,0.22110863029956818,0.43864020705223083,0.2715813219547272,-0.4446248412132263,0.8826429843902588,0.4386105537414551,0.4422590732574463,0.2695419490337372,0.23101380467414856,0.43964290618896484,0.27655717730522156,-0.4245092272758484,0.8681517839431763,0.49108242988586426,0.46154993772506714,0.0917683094739914,0.9999547600746155,0.470295250415802,0.4605545997619629,-0.09200865775346756,0.9999710917472839,0.4407476484775543,0.5774020552635193,0.08371838182210922,0.8792170882225037,0.48917335271835327,0.571273684501648,-0.1836509257555008,0.9801549315452576,0.3677399456501007,0.6707572937011719,0.15547317266464233,0.9443772435188293,0.5191799402236938,0.6857089400291443,-0.1777510792016983,0.9932771921157837,0.35402995347976685,0.686592161655426,0.15769816935062408,0.9085820913314819,0.5109879970550537,0.7048851847648621,-0.18085944652557373,0.9634111523628235,0.36723166704177856,0.7102290987968445,0.07827118039131165,0.9618043899536133,0.5476425290107727,0.7117429971694946,-0.30071285367012024,0.991428017616272
